# timestamp(s) tracking(ms) estimation(ms) total(ms)
1398.526170377999961 2.095000 2.674000 4.769000
1398.559342689999994 0.329000 14.496000 14.825000
1398.592518533999964 0.396000 3.012000 3.408000
1398.625689585999908 0.147000 2.785000 2.932000
1398.658861742999989 0.141000 2.842000 2.983000
1398.692126689999895 0.000000 2.703000 2.703000
1398.725208586000008 0.169000 2.852000 3.021000
1398.758380690999957 0.131000 2.889000 3.020000
1398.824725690999912 0.275000 3.233000 3.508000
1398.857900690999941 0.144000 2.988000 3.132000
1398.891141377999929 0.136000 2.926000 3.062000
1398.924245378000023 0.133000 2.955000 3.088000
1398.957418429999962 0.139000 3.109000 3.248000
1398.990666429999919 0.160000 3.339000 3.499000
1399.023765482000044 0.140000 3.025000 3.165000
1399.057025431000056 0.149000 4.092000 4.241000
1399.090113483000096 0.143000 3.105000 3.248000
1399.123292325999955 0.148000 3.078000 3.226000
1399.156530429999975 0.135000 2.938000 3.073000
1399.189632690000053 0.150000 3.010000 3.160000
1399.222802430000002 0.141000 3.177000 3.318000
1399.256059430000050 0.132000 2.981000 3.113000
1399.289229160000104 0.149000 2.964000 3.113000
1399.322400639000080 0.138000 3.446000 3.584000
1399.355562638000038 0.133000 3.038000 3.171000
1399.388760481999952 0.128000 3.016000 3.144000
1399.421933481999986 0.134000 2.856000 2.990000
1399.455017325999961 0.133000 3.869000 4.002000
1399.488191378000010 0.146000 2.860000 3.006000
1399.521359638999911 0.132000 2.807000 2.939000
1399.554642534000095 0.127000 2.973000 3.100000
1399.587708430000021 0.150000 3.229000 3.379000
1399.620878533999985 0.137000 2.792000 2.929000
1399.654051483000103 0.149000 2.903000 3.052000
1399.687228660000073 0.129000 2.808000 2.937000
1399.720399481999948 0.138000 2.820000 2.958000
1399.753574430000072 0.134000 2.705000 2.839000
1399.786748794999994 0.142000 3.325000 3.467000
1399.819923887999948 0.204000 2.759000 2.963000
1399.853225638999902 0.161000 2.808000 2.969000
1399.886263690000078 0.133000 3.937000 4.070000
1399.919435534000058 0.146000 2.651000 2.797000
1399.952728378000074 0.131000 2.664000 2.795000
1399.985782429999972 0.131000 3.524000 3.655000
1400.018993429999909 0.125000 3.442000 3.567000
1400.052127846000076 0.132000 2.993000 3.125000
1400.085300742000072 0.133000 2.619000 2.752000
1400.118518585999936 0.147000 2.871000 3.018000
1400.151646690999996 0.139000 2.632000 2.771000
1400.184864742999935 0.135000 2.602000 2.737000
1400.217991794999989 0.131000 2.506000 2.637000
1400.251207794000038 0.000000 2.541000 2.541000
1400.284380481999960 0.126000 2.517000 2.643000
1400.317551430000094 0.123000 2.681000 2.804000
1400.383897325999897 0.257000 2.925000 3.182000
1400.417070378000062 0.140000 2.668000 2.808000
1400.450242326000080 0.134000 3.419000 3.553000
1400.483376429999907 0.128000 3.350000 3.478000
1400.516622430000098 0.142000 2.670000 2.812000
1400.549723742999959 0.133000 2.488000 2.621000
1400.582896482000024 0.138000 2.504000 2.642000
1400.616068377999909 0.134000 3.226000 3.360000
1400.649310794000030 0.126000 2.511000 2.637000
1400.682489430000032 0.149000 3.259000 3.408000
1400.715586377999898 0.127000 3.133000 3.260000
1400.748880430000099 0.202000 2.613000 2.815000
1400.781935378000071 0.163000 2.353000 2.516000
1400.815110430000004 0.152000 2.353000 2.505000
1400.848281431000032 0.134000 2.425000 2.559000
1400.881484378000096 0.132000 2.359000 2.491000
1400.914627377999977 0.126000 2.349000 2.475000
1400.947799639000095 0.141000 2.333000 2.474000
1400.980971482000086 0.123000 2.362000 2.485000
1401.014145377999967 0.131000 2.414000 2.545000
1401.047317794000037 0.137000 2.366000 2.503000
1401.080490367000039 0.129000 2.414000 2.543000
1401.113664160000098 0.126000 3.915000 4.041000
1401.146877847000042 0.140000 2.438000 2.578000
1401.180010639000102 0.129000 3.152000 3.281000
1401.213181431000066 0.153000 2.400000 2.553000
1401.246396481999909 0.151000 2.253000 2.404000
1401.279527273999975 0.133000 2.330000 2.463000
1401.312701325000035 0.127000 2.381000 2.508000
1401.345874377999962 0.158000 2.245000 2.403000
1401.379087377999895 0.132000 2.995000 3.127000
1401.412220430999923 0.128000 2.321000 2.449000
1401.445434585999919 0.127000 3.676000 3.803000
1401.478607481999916 0.170000 2.222000 2.392000
1401.511738533999960 0.124000 3.090000 3.214000
1401.545011429999931 0.137000 2.275000 2.412000
1401.578085586000043 0.130000 2.288000 2.418000
1401.611258533999944 0.134000 3.786000 3.920000
1401.644527638999989 0.143000 4.795000 4.938000
1401.677605637999932 0.195000 2.802000 2.997000
1401.710780720999992 0.193000 2.917000 3.110000
1401.744046585999968 0.136000 2.799000 2.935000
1401.777217534000101 0.000000 2.721000 2.721000
1401.810299585999928 0.000000 3.404000 3.404000
1401.843569054999989 0.134000 2.746000 2.880000
1401.943000618000042 0.414000 3.967000 4.381000
1401.976248743000042 0.130000 2.764000 2.894000
1402.009336774000076 0.130000 2.528000 2.658000
1402.042551638000077 0.127000 2.583000 2.710000
1402.075681534000068 0.000000 2.555000 2.555000
1402.108852534000107 0.138000 2.482000 2.620000
1402.142073481999887 0.151000 2.452000 2.603000
1402.208415742999932 0.238000 2.744000 2.982000
1402.241547210999897 0.126000 2.575000 2.701000
1402.274793108000040 0.000000 2.303000 2.303000
1402.307892773000049 0.127000 2.459000 2.586000
1402.341150585999912 0.134000 2.385000 2.519000
1402.407416044999991 0.265000 2.749000 3.014000
1402.440589326000008 0.129000 2.403000 2.532000
1402.473759534000010 0.137000 2.324000 2.461000
1402.506967430000032 0.136000 2.770000 2.906000
1402.540107691000003 0.130000 2.365000 2.495000
1402.573292377999906 0.127000 2.329000 2.456000
1402.606559638999897 0.132000 2.319000 2.451000
1402.639626147999934 0.121000 2.369000 2.490000
1402.672900211000069 0.149000 2.470000 2.619000
1402.705971940999916 0.143000 2.405000 2.548000
1402.739143430000013 0.141000 3.097000 3.238000
1402.772312430000056 0.188000 2.475000 2.663000
1402.805485430000090 0.180000 2.272000 2.452000
1402.838660429999891 0.161000 2.434000 2.595000
1402.871889431000000 0.150000 2.411000 2.561000
1402.905049388999942 0.139000 2.337000 2.476000
1402.938315617999933 0.143000 2.436000 2.579000
1402.971351482000046 0.139000 2.556000 2.695000
1403.004526483000063 0.133000 2.630000 2.763000
1403.037697429999980 0.130000 2.347000 2.477000
1403.070870689999992 0.127000 2.903000 3.030000
1403.104116535000003 0.191000 2.895000 3.086000
1403.137309429999959 0.171000 2.595000 2.766000
1403.170471482000039 0.139000 2.328000 2.467000
1403.203562534999946 0.144000 2.434000 2.578000
1403.236819429999969 0.134000 3.027000 3.161000
1403.269909637999945 0.151000 2.344000 2.495000
1403.303176377999989 0.141000 2.392000 2.533000
1403.336255742000048 0.134000 2.377000 2.511000
1403.369428534000008 0.128000 2.407000 2.535000
1403.402641377999998 0.134000 2.365000 2.499000
1403.435773378000022 0.133000 2.362000 2.495000
1403.468945535000103 0.131000 2.300000 2.431000
1403.502119429999993 0.127000 2.441000 2.568000
1403.535321431000057 0.165000 2.430000 2.595000
1403.568596377999938 0.136000 2.593000 2.729000
1403.601637429999982 0.137000 2.304000 2.441000
1403.634886430000051 0.131000 2.392000 2.523000
1403.667985430000044 0.124000 2.358000 2.482000
1403.701157429999967 0.131000 2.344000 2.475000
1403.734373430000005 0.136000 2.365000 2.501000
1403.767544262999991 0.137000 2.352000 2.489000
1403.800676690000046 0.130000 2.369000 2.499000
1403.833890054999983 0.128000 2.403000 2.531000
1403.867071429999896 0.132000 2.398000 2.530000
1403.900195378000035 0.131000 2.299000 2.430000
1403.933368378000068 0.000000 2.330000 2.330000
1403.966613430000052 0.130000 2.287000 2.417000
1403.999815587000057 0.126000 2.462000 2.588000
1404.066134722000015 0.135000 2.839000 2.974000
1404.099236033999887 0.132000 3.499000 3.631000
1404.165580773000102 0.127000 2.829000 2.956000
1404.198752481999918 0.133000 2.798000 2.931000
1404.231965742000057 0.135000 2.810000 2.945000
1404.298318461000008 0.274000 2.894000 3.168000
1404.331446566000068 0.162000 2.620000 2.782000
1404.364662929999895 0.133000 4.206000 4.339000
1404.397832377999976 0.127000 8.909000 9.036000
1404.430963639000083 0.136000 2.456000 2.592000
1404.464179430000058 0.130000 3.926000 4.056000
1404.497308429999975 0.144000 3.357000 3.501000
1404.530481325999972 0.131000 5.438000 5.569000
1404.563655533999963 0.131000 2.599000 2.730000
1404.596828793999975 0.135000 2.619000 2.754000
1404.630001742000104 0.127000 3.519000 3.646000
1404.663257847000068 0.131000 5.457000 5.588000
1404.696393690999912 0.140000 6.369000 6.509000
1404.729520430000093 0.130000 6.755000 6.885000
1404.762734429999909 0.125000 5.041000 5.166000
1404.795911773999933 0.137000 8.275000 8.412000
1404.829041378000056 0.136000 9.810000 9.946000
1404.862212378000095 0.143000 9.853000 9.996000
1404.895385481999938 0.160000 19.441000 19.601000
1404.928663085999915 0.154000 24.760000 24.914000
1404.961937137999939 0.181000 25.926000 26.107000
1404.995135085999891 0.208000 21.379000 21.587000
1405.028223086000025 0.200000 14.578000 14.778000
1405.061384137999994 0.188000 15.906000 16.094000
1405.094747769999913 0.157000 15.733000 15.890000
1405.127866717999950 0.150000 15.111000 15.261000
1405.161036926999941 0.144000 10.896000 11.040000
1405.194209874000080 0.152000 14.150000 14.302000
1405.227384186000108 0.143000 8.631000 8.774000
1405.260670052000023 0.158000 15.420000 15.578000
1405.293802103999951 0.157000 7.543000 7.700000
1405.327022103999980 0.138000 3.973000 4.111000
1405.360195155999918 0.135000 2.926000 3.061000
1405.393324052000025 0.138000 2.873000 3.011000
1405.426657324999951 0.136000 2.775000 2.911000
1405.459784220000074 0.144000 7.243000 7.387000
1405.492998272000023 0.131000 9.839000 9.970000
1405.526131324000062 0.132000 8.488000 8.620000
1405.559344219999957 0.140000 3.041000 3.181000
1405.592626030000019 0.136000 3.044000 3.180000
1405.625800029999937 0.165000 5.981000 6.146000
1405.658931186000018 0.144000 8.573000 8.717000
1405.692110341999978 0.137000 10.185000 10.322000
1405.725383133999912 0.128000 5.893000 6.021000
1405.758570468000016 0.132000 5.259000 5.391000
1405.791745468000045 0.135000 3.037000 3.172000
1405.824917467999967 0.142000 2.963000 3.105000
1405.858190520000107 0.129000 5.508000 5.637000
1405.891337415999942 0.126000 4.615000 4.741000
1405.924613012000009 0.160000 3.651000 3.811000
1405.957778927999925 0.146000 3.517000 3.663000
1405.990872751000097 0.135000 6.491000 6.626000
1406.024044251000078 0.153000 4.520000 4.673000
1406.057216563000111 0.140000 6.870000 7.010000
1406.090450002999887 0.135000 3.897000 4.032000
1406.123666001999936 0.126000 2.743000 2.869000
1406.156878794000022 0.131000 2.273000 2.404000
1406.189970793999919 0.119000 5.201000 5.320000
1406.223144053999931 0.127000 7.786000 7.913000
1406.256318158000113 0.123000 3.420000 3.543000
1406.289614949999986 0.000000 2.648000 2.648000
1406.322663159000058 0.124000 2.561000 2.685000
1406.355840503000081 0.131000 2.264000 2.395000
1406.422182054999894 0.240000 2.425000 2.665000
1406.455395898000006 0.132000 2.301000 2.433000
1406.488526846000013 0.117000 5.303000 5.420000
1406.521817845999976 0.131000 5.926000 6.057000
1406.555000002000043 0.000000 4.329000 4.329000
1406.588110898999957 0.130000 3.213000 3.343000
1406.621257898000067 0.117000 2.183000 2.300000
1406.687604846000113 0.261000 5.923000 6.184000
1406.720737897999925 0.145000 4.052000 4.197000
1406.754032898000105 0.120000 3.552000 3.672000
1406.787083949999897 0.124000 2.442000 2.566000
1406.820262846000105 0.126000 2.948000 3.074000
1406.853469897999958 0.148000 5.053000 5.201000
1406.886602794000055 0.126000 3.511000 3.637000
1406.919775053999956 0.000000 2.435000 2.435000
1406.952948523000032 0.131000 2.561000 2.692000
1406.986163626999996 0.000000 1.864000 1.864000
1407.052595054999983 0.240000 2.050000 2.290000
1407.118855315000019 0.126000 5.288000 5.414000
1407.152027367000073 0.132000 3.661000 3.793000
1407.218334314999993 0.128000 3.287000 3.415000
1407.251546784000084 0.126000 2.544000 2.670000
1407.317854398000009 0.266000 2.845000 3.111000
1407.351029607000100 0.000000 5.073000 5.073000
1407.384200345999943 0.140000 4.051000 4.191000
1407.417372355999987 0.132000 5.314000 5.446000
1407.483757262999916 0.261000 6.091000 6.352000
1407.516968898999949 0.121000 3.083000 3.204000
1407.550061898999957 0.252000 5.799000 6.051000
1407.583312211000020 0.136000 3.493000 3.629000
1407.616409210000029 0.452000 7.124000 7.576000
1407.649582055000110 0.156000 4.984000 5.140000
1407.682795158000090 0.144000 3.139000 3.283000
1407.716000002000101 0.130000 4.823000 4.953000
1407.749179888000072 0.134000 2.623000 2.757000
1407.782398367000042 0.117000 4.877000 4.994000
1407.815508700000009 0.130000 8.182000 8.312000
1407.848680887999990 0.133000 6.046000 6.179000
1407.881855251999923 0.124000 5.650000 5.774000
1407.915027782999914 0.133000 7.966000 8.099000
1407.948199647999900 0.126000 7.722000 7.848000
1407.981589273000054 0.165000 7.358000 7.523000
1408.014596324999957 0.140000 7.625000 7.765000
1408.047806325000010 0.137000 9.153000 9.290000
1408.080946273000109 0.000000 8.483000 8.483000
1408.114188376999891 0.196000 11.976000 12.172000
1408.147359377999919 0.164000 11.605000 11.769000
1408.213725325000041 0.262000 10.694000 10.956000
1408.246807991999958 0.000000 10.565000 10.565000
1408.280021459999944 0.133000 3.981000 4.114000
1408.313153272999898 0.146000 7.855000 8.001000
1408.379499221000060 0.140000 7.210000 7.350000
1408.412738324999964 0.134000 2.766000 2.900000
1408.479018273000065 0.237000 5.030000 5.267000
1408.512258324999948 0.140000 6.381000 6.521000
1408.578537272999938 0.257000 8.341000 8.598000
1408.611688571000059 0.130000 3.434000 3.564000
1408.644822935000093 0.120000 3.090000 3.210000
1408.678074612000046 0.000000 2.431000 2.431000
1408.711249873000042 0.122000 2.334000 2.456000
1408.744431726999892 0.117000 2.190000 2.307000
1408.810735309999927 0.243000 2.643000 2.886000
1408.843933465999953 0.120000 2.206000 2.326000
1408.877109413999960 0.000000 2.022000 2.022000
1408.910205415000064 0.115000 5.525000 5.640000
1408.943455361999895 0.136000 3.760000 3.896000
1409.009865362000028 0.270000 6.461000 6.731000
1409.042939310000065 0.128000 7.071000 7.199000
1409.076072569999951 0.149000 3.508000 3.657000
1409.109283309999910 0.133000 3.139000 3.272000
1409.142418310000039 0.221000 2.434000 2.655000
1409.175631310999961 0.161000 2.246000 2.407000
1409.208765309999990 0.123000 2.265000 2.388000
1409.241979830999981 0.131000 2.093000 2.224000
1409.275158779000094 0.123000 5.638000 5.761000
1409.308358872000099 0.162000 3.138000 3.300000
1409.341597364000108 0.126000 2.862000 2.988000
1409.374776417000021 0.121000 5.622000 5.743000
1409.407947052000054 0.146000 3.536000 3.682000
1409.441075155999897 0.141000 3.107000 3.248000
1409.474201896000068 0.000000 2.769000 2.769000
1409.507375052000043 0.129000 3.058000 3.187000
1409.540548313000045 0.123000 2.659000 2.782000
1409.606978000000026 0.120000 2.707000 2.827000
1409.640140052000106 0.121000 2.175000 2.296000
1409.673285051999983 0.121000 2.167000 2.288000
1409.739627947999907 0.252000 2.559000 2.811000
1409.772758051999972 0.124000 2.251000 2.375000
1409.805933000000095 0.118000 2.147000 2.265000
1409.839107051999918 0.151000 5.185000 5.336000
1409.872278001000041 0.132000 4.480000 4.612000
1409.905494000000090 0.141000 2.312000 2.453000
1409.938623999999891 0.121000 2.143000 2.264000
1409.971796948000019 0.121000 2.264000 2.385000
1410.004970947999936 0.124000 2.910000 3.034000
1410.038153834000013 0.123000 5.063000 5.186000
1410.071316729000046 0.132000 2.943000 3.075000
1410.104489261000026 0.189000 7.208000 7.397000
1410.137662156000033 0.000000 5.206000 5.206000
1410.170875051999928 0.133000 5.297000 5.430000
1410.204048104000094 0.134000 3.422000 3.556000
1410.270353104999913 0.251000 6.253000 6.504000
1410.303529239999989 0.196000 3.285000 3.481000
1410.336701103999985 0.157000 2.671000 2.828000
1410.369914156000050 0.127000 2.096000 2.223000
1410.403086000000030 0.122000 2.395000 2.517000
1410.436260573000027 0.119000 1.815000 1.934000
1410.469432948000076 0.120000 4.744000 4.864000
1410.502606000000014 0.129000 4.218000 4.347000
1410.535777895999900 0.135000 6.622000 6.757000
1410.568910947999939 0.137000 3.066000 3.203000
1410.602124104000040 0.132000 3.785000 3.917000
1410.635300103999953 0.127000 5.745000 5.872000
1410.668429948000039 0.134000 4.177000 4.311000
1410.701602948000073 0.123000 3.348000 3.471000
1410.734807250999893 0.000000 2.944000 2.944000
1410.767897022999932 0.147000 5.330000 5.477000
1410.801070127000003 0.141000 5.334000 5.475000
1410.867417022999916 0.269000 9.978000 10.247000
1410.900589127000103 0.200000 7.575000 7.775000
1410.933762075000004 0.166000 5.673000 5.839000
1410.966872848000094 0.147000 4.249000 4.396000
1411.000141806000101 0.129000 2.804000 2.933000
1411.033239013999946 0.127000 4.658000 4.785000
1411.066471274999913 0.131000 5.293000 5.424000
1411.099641859000030 0.000000 6.686000 6.686000
1411.132714004000036 0.128000 5.761000 5.889000
1411.165925003999973 0.000000 7.743000 7.743000
1411.232196514999941 0.137000 7.352000 7.489000
1411.298627109000108 0.267000 7.776000 8.043000
1411.364888629000006 0.134000 2.918000 3.052000
1411.398110299000109 0.113000 4.260000 4.373000
1411.431282455999963 0.125000 3.990000 4.115000
1411.497566945000017 0.129000 3.309000 3.438000
1411.530698518999998 0.129000 3.374000 3.503000
1411.563871466999899 0.125000 2.354000 2.479000
1411.630214893999892 0.239000 3.236000 3.475000
1411.663388997000084 0.128000 2.255000 2.383000
1411.696562892999964 0.120000 3.702000 3.822000
1411.729733788999965 0.145000 2.916000 3.061000
1411.762906840999904 0.134000 4.361000 4.495000
1411.796079736999900 0.187000 3.202000 3.389000
1411.829325841999889 0.149000 2.918000 3.067000
1411.862470736999967 0.146000 3.027000 3.173000
1411.895674684999904 0.193000 2.779000 2.972000
1411.928898737000054 0.175000 2.896000 3.071000
1411.962079684999935 0.151000 2.701000 2.852000
1411.995192684999893 0.140000 2.417000 2.557000
1412.028289684999891 0.120000 2.321000 2.441000
1412.061464789999945 0.000000 2.402000 2.402000
1412.094707362999998 0.125000 2.281000 2.406000
1412.127889050000022 0.128000 2.248000 2.376000
1412.194155684999942 0.249000 2.525000 2.774000
1412.227346310000030 0.118000 2.293000 2.411000
1412.260504258000083 0.119000 2.329000 2.448000
1412.293674945000021 0.130000 2.206000 2.336000
1412.326846684999964 0.117000 2.374000 2.491000
1412.360019684999997 0.128000 2.408000 2.536000
1412.393236788999957 0.126000 2.353000 2.479000
1412.426366684999948 0.134000 2.431000 2.565000
1412.459579685000108 0.121000 2.325000 2.446000
1412.492753790000052 0.131000 2.206000 2.337000
1412.525887736999948 0.135000 2.231000 2.366000
1412.559062996999955 0.124000 2.118000 2.242000
1412.592231684999888 0.118000 2.144000 2.262000
1412.625448790000064 0.121000 2.297000 2.418000
1412.658711685000071 0.118000 2.154000 2.272000
1412.691750153999919 0.132000 2.182000 2.314000
1412.724922893999974 0.124000 2.299000 2.423000
1412.758096736999960 0.124000 2.488000 2.612000
1412.791269258000057 0.122000 2.631000 2.753000
1412.824444246999974 0.186000 3.945000 4.131000
1412.857621080999934 0.000000 3.402000 3.402000
1412.890794716000073 0.143000 4.182000 4.325000
1412.923974842000007 0.158000 2.829000 2.987000
1412.990306684999950 0.128000 3.365000 3.493000
1413.023519788999920 0.125000 2.679000 2.804000
1413.056697048999922 0.124000 2.527000 2.651000
1413.123045027999979 0.223000 2.988000 3.211000
1413.156174663999991 0.134000 2.572000 2.706000
1413.189421789000107 0.120000 2.620000 2.740000
1413.222582684999907 0.119000 2.569000 2.688000
1413.255690736999895 0.127000 2.508000 2.635000
1413.288996789000066 0.118000 2.583000 2.701000
1413.322037788999978 0.112000 2.480000 2.592000
1413.355286893000084 0.117000 2.484000 2.601000
1413.388382684999897 0.117000 2.514000 2.631000
1413.421627684999976 0.123000 2.476000 2.599000
1413.454730737000091 0.110000 2.454000 2.564000
1413.487975309999911 0.125000 2.469000 2.594000
1413.521086310000101 0.124000 2.449000 2.573000
1413.554251309999927 0.135000 2.504000 2.639000
1413.587557518000040 0.134000 2.474000 2.608000
1413.620597465999936 0.147000 2.432000 2.579000
1413.653806841000005 0.128000 2.411000 2.539000
1413.686982632000081 0.125000 2.427000 2.552000
1413.720113632999983 0.116000 2.328000 2.444000
1413.753285685000037 0.120000 2.666000 2.786000
1413.786459633000050 0.129000 2.240000 2.369000
1413.819631737000009 0.128000 2.371000 2.499000
1413.852879789000099 0.129000 2.391000 2.520000
1413.885977893000018 0.121000 2.448000 2.569000
1413.919237685000098 0.122000 2.921000 3.043000
1413.952323736999915 0.119000 2.319000 2.438000
1413.985498841999970 0.118000 2.359000 2.477000
1414.018670737000093 0.123000 2.437000 2.560000
1414.051844893999942 0.123000 2.314000 2.437000
1414.085019788999944 0.120000 2.436000 2.556000
1414.118190788999982 0.118000 2.354000 2.472000
1414.151364685000090 0.119000 2.307000 2.426000
1414.184535737000033 0.121000 2.394000 2.515000
1414.217710310000029 0.135000 2.365000 2.500000
1414.250881257999936 0.121000 2.373000 2.494000
1414.284056872000065 0.123000 2.306000 2.429000
1414.317228841000087 0.118000 2.318000 2.436000
1414.350402946000031 0.124000 2.431000 2.555000
1414.383575841000038 0.125000 2.293000 2.418000
1414.416746737000040 0.123000 2.395000 2.518000
1414.449921997000047 0.125000 2.338000 2.463000
1414.483094893000043 0.119000 2.362000 2.481000
1414.516267518999939 0.118000 2.378000 2.496000
1414.549441049000052 0.129000 2.404000 2.533000
1414.582613841000011 0.133000 2.372000 2.505000
1414.615785684999992 0.121000 2.542000 2.663000
1414.648959684999909 0.140000 2.607000 2.747000
1414.682132684999942 0.145000 3.274000 3.419000
1414.715304737999986 0.174000 3.633000 3.807000
1414.748479737000025 0.151000 2.806000 2.957000
1414.781653581000000 0.137000 2.605000 2.742000
1414.814847737000036 0.141000 2.665000 2.806000
1414.848004684999978 0.126000 2.667000 2.793000
1414.881175894000080 0.118000 2.642000 2.760000
1414.914353893999987 0.117000 2.708000 2.825000
1414.947516633000077 0.124000 2.788000 2.912000
1414.980688049000037 0.144000 3.982000 4.126000
1415.013861737000070 0.160000 6.984000 7.144000
1415.047035632999950 0.211000 5.368000 5.579000
1415.080206684999894 0.000000 4.096000 4.096000
1415.113378840999985 0.208000 8.317000 8.525000
1415.146554788999993 0.147000 7.293000 7.440000
1415.212900685000022 0.345000 4.276000 4.621000
1415.246072684999945 0.138000 3.354000 3.492000
1415.279244841000036 0.134000 3.069000 3.203000
1415.312417788999937 0.149000 2.949000 3.098000
1415.345591685000045 0.000000 2.842000 2.842000
1415.378763841999898 0.147000 2.954000 3.101000
1415.411939154000038 0.134000 3.088000 3.222000
1415.478289550000000 0.257000 3.260000 3.517000
1415.511457925000059 0.129000 3.078000 3.207000
1415.544632821000050 0.124000 3.213000 3.337000
1415.577803841000105 0.126000 2.979000 3.105000
1415.610977685000080 0.123000 2.864000 2.987000
1415.644157684999982 0.123000 2.952000 3.075000
1415.677322685000036 0.129000 2.660000 2.789000
1415.710493685000074 0.125000 2.751000 2.876000
1415.743665789000033 0.122000 2.957000 3.079000
1415.776841841000078 0.119000 3.389000 3.508000
1415.810012945999915 0.123000 3.093000 3.216000
1415.843188788999896 0.124000 4.378000 4.502000
1415.876358736999919 0.131000 2.989000 3.120000
1415.909531945000026 0.126000 2.929000 3.055000
1415.942703998000070 0.124000 2.758000 2.882000
1415.975878840999940 0.151000 2.591000 2.742000
1416.009055081000042 0.000000 2.518000 2.518000
1416.042225977000044 0.129000 2.667000 2.796000
1416.075395685000103 0.120000 2.526000 2.646000
1416.141742946000022 0.247000 2.901000 3.148000
1416.174932633000026 0.132000 2.674000 2.806000
1416.208089633000100 0.120000 2.693000 2.813000
1416.241263684999922 0.119000 3.694000 3.813000
1416.274433736999981 0.123000 2.618000 2.741000
1416.307607684999994 0.129000 2.618000 2.747000
1416.340782840999964 0.125000 2.598000 2.723000
1416.373979998000095 0.123000 3.403000 3.526000
1416.407134924000047 0.110000 3.267000 3.377000
1416.440300819999948 0.136000 2.387000 2.523000
1416.473475996999923 0.116000 2.433000 2.549000
1416.506645737000099 0.121000 2.836000 2.957000
1416.539836684999955 0.169000 2.472000 2.641000
1416.573073736999959 0.167000 2.468000 2.635000
1416.606163684999956 0.116000 3.241000 3.357000
1416.639415101999930 0.124000 2.488000 2.612000
1416.672605622999981 0.121000 3.106000 3.227000
1416.705684102000077 0.120000 3.862000 3.982000
1416.738988486999915 0.121000 2.397000 2.518000
1416.772028737000028 0.122000 6.048000 6.170000
1416.805202736999945 0.117000 4.419000 4.536000
1416.838374684999962 0.129000 3.591000 3.720000
1416.871689736999997 0.133000 3.647000 3.780000
1416.904810736999934 0.127000 4.657000 4.784000
1416.937971788999903 0.120000 3.353000 3.473000
1416.971067737000112 0.122000 2.496000 2.618000
1417.004240841999945 0.115000 3.206000 3.321000
1417.037483737000002 0.152000 6.105000 6.257000
1417.070586788999890 0.129000 4.122000 4.251000
1417.103896738000003 0.126000 4.363000 4.489000
1417.137020841000094 0.124000 7.219000 7.343000
1417.170106685000064 0.125000 3.651000 3.776000
1417.203320362000113 0.120000 2.977000 3.097000
1417.236490674999914 0.125000 4.890000 5.015000
1417.269669309999927 0.116000 5.086000 5.202000
1417.302839361999986 0.136000 3.474000 3.610000
1417.336073414000111 0.132000 4.143000 4.275000
1417.369142736999947 0.122000 2.417000 2.539000
1417.402316840999902 0.145000 5.544000 5.689000
1417.435489790000020 0.204000 3.165000 3.369000
1417.468709840999963 0.171000 3.162000 3.333000
1417.501841736999950 0.131000 3.191000 3.322000
1417.535049737000008 0.124000 3.100000 3.224000
1417.568182633000106 0.128000 2.913000 3.041000
1417.601396736999959 0.129000 2.895000 3.024000
1417.634529788999998 0.131000 2.998000 3.129000
1417.667742737000026 0.123000 2.912000 3.035000
1417.700879685000018 0.136000 3.099000 3.235000
1417.734047684999950 0.134000 2.891000 3.025000
1417.767222310000079 0.130000 2.874000 3.004000
1417.800415310000062 0.135000 2.862000 2.997000
1417.833613466000088 0.135000 2.625000 2.760000
1417.866783840999915 0.129000 2.687000 2.816000
1417.899911633000102 0.158000 2.430000 2.588000
1417.933156685000085 0.145000 2.350000 2.495000
1417.966257736999978 0.129000 2.295000 2.424000
1417.999436383000102 0.131000 5.600000 5.731000
1418.032648841000082 0.142000 3.611000 3.753000
1418.065821684999946 0.138000 3.670000 3.808000
1418.099023736999925 0.142000 6.254000 6.396000
1418.132129685000109 0.140000 4.724000 4.864000
1418.165295789000083 0.130000 4.639000 4.769000
1418.198468685000080 0.135000 6.115000 6.250000
1418.231687684999997 0.132000 6.132000 6.264000
1418.264949788999957 0.201000 5.887000 6.088000
1418.297986737999963 0.172000 6.036000 6.208000
1418.331206737000002 0.131000 7.536000 7.667000
1418.364410091000082 0.134000 6.937000 7.071000
1418.397611726999912 0.127000 6.185000 6.312000
1418.430723101000012 0.185000 3.624000 3.809000
1418.463892894000082 0.191000 6.016000 6.207000
1418.497025842000085 0.142000 6.201000 6.343000
1418.530286310000065 0.132000 7.968000 8.100000
1418.563371684999993 0.145000 10.312000 10.457000
1418.596644840999943 0.132000 11.925000 12.057000
1418.629718841000113 0.137000 8.369000 8.506000
1418.662891893000051 0.136000 8.706000 8.842000
1418.696064790000037 0.132000 6.158000 6.290000
1418.729315685000074 0.129000 6.115000 6.244000
1418.762415684999951 0.136000 5.078000 5.214000
1418.795624737000026 0.132000 8.141000 8.273000
1418.828757685000028 0.124000 8.982000 9.106000
1418.861966789000007 0.135000 6.794000 6.929000
1418.895190789000026 0.165000 12.051000 12.216000
1418.928275841999948 0.147000 12.544000 12.691000
1418.961536736999960 0.154000 8.009000 8.163000
1418.994625685000074 0.138000 7.402000 7.540000
1419.027798945000086 0.141000 11.724000 11.865000
1419.061010633000024 0.140000 8.559000 8.699000
1419.094139996999957 0.000000 5.259000 5.259000
1419.127426843999956 0.154000 6.212000 6.366000
1419.160536270999955 0.144000 6.092000 6.236000
1419.227011271000038 0.168000 11.159000 11.327000
1419.260054270999944 0.000000 7.639000 7.639000
1419.326488687999927 0.278000 6.795000 7.073000
1419.392748428000004 0.303000 12.961000 13.264000
1419.425919634999900 0.139000 14.060000 14.199000
1419.459093636000034 0.133000 14.809000 14.942000
1419.492266427000004 0.135000 16.059000 16.194000
1419.525514479000094 0.143000 19.211000 19.354000
1419.558737737000001 0.152000 21.421000 21.573000
1419.591949892000002 0.167000 22.297000 22.464000
1419.625082110999983 0.158000 21.727000 21.885000
1419.658255162999922 0.000000 24.063000 24.063000
1419.691428215000087 0.216000 34.695000 34.911000
1419.724656630000027 0.226000 29.596000 29.822000
1419.791005285999972 0.386000 37.690000 38.076000
1419.824272629999996 0.187000 31.664000 31.851000
1419.857455681999909 0.162000 35.156000 35.318000
1419.890575682999952 0.000000 33.245000 33.245000
1419.923820733999946 0.185000 32.720000 32.905000
1419.956948629999943 0.000000 12.815000 12.815000
1420.023254733999920 0.340000 21.767000 22.107000
1420.089561838999998 0.152000 20.079000 20.231000
1420.122732734000010 0.195000 13.055000 13.250000
1420.189121786999976 0.325000 11.412000 11.737000
1420.222251994000089 0.208000 9.483000 9.691000
1420.255520514999944 0.176000 10.156000 10.332000
1420.288600672000030 0.213000 9.781000 9.994000
1420.321811578000052 0.184000 6.193000 6.377000
1420.354943889999959 0.224000 6.999000 7.223000
1420.388156733999949 0.190000 7.470000 7.660000
1420.421288682000068 0.163000 3.330000 3.493000
1420.454501942999968 0.153000 2.555000 2.708000
1420.487675785999954 0.000000 3.485000 3.485000
1420.520853733999957 0.148000 5.097000 5.245000
1420.554022765999889 0.156000 7.796000 7.952000
1420.620331681999915 0.144000 10.777000 10.921000
1420.653500630000053 0.191000 13.957000 14.148000
1420.686674202999939 0.163000 9.635000 9.798000
1420.753018681999947 0.154000 5.933000 6.087000
1420.786232786000028 0.000000 4.611000 4.611000
1420.852537837999989 0.284000 12.912000 13.196000
1420.918994630000043 0.146000 11.916000 12.062000
1420.952142681999931 0.146000 17.739000 17.885000
1421.018346041000086 0.366000 14.363000 14.729000
1421.051521301000093 0.154000 8.961000 9.115000
1421.084691041000042 0.000000 6.860000 6.860000
1421.117864988000065 0.159000 4.906000 5.065000
1421.151037884000061 0.000000 10.412000 10.412000
1421.217384248999906 0.160000 9.196000 9.356000
1421.283730301000105 0.307000 12.272000 12.579000
1421.350077352999961 0.136000 14.899000 15.035000
1421.383248988000105 0.140000 16.101000 16.241000
1421.416495093000094 0.151000 16.657000 16.808000
1421.482655168000065 0.276000 22.757000 23.033000
1421.515832283000009 0.186000 24.450000 24.636000
1421.549086282999951 0.169000 19.363000 19.532000
1421.582171282999980 0.190000 22.937000 23.127000
1421.615344387000050 0.196000 19.573000 19.769000
1421.648427409000078 0.157000 18.432000 18.589000
1421.681689459999916 0.160000 12.522000 12.682000
1421.714776719999918 0.144000 9.658000 9.802000
1421.747954772999947 0.162000 17.536000 17.698000
1421.781172303999938 0.000000 12.893000 12.893000
1421.814218062000009 0.153000 15.116000 15.269000
1421.847380061999957 0.169000 12.462000 12.631000
1421.913863958000093 0.178000 16.512000 16.690000
1421.946984114000088 0.000000 10.211000 10.211000
1421.980074009999953 0.172000 12.849000 13.021000
1422.079601249000007 0.430000 17.102000 17.532000
1422.112847613999975 0.148000 15.892000 16.040000
1422.146019270999886 0.176000 11.913000 12.089000
1422.212285063000081 0.142000 10.658000 10.800000
1422.245459114999903 0.158000 13.385000 13.543000
1422.278570459000093 0.145000 13.739000 13.884000
1422.344956665999916 0.162000 14.147000 14.309000
1422.378130542000008 0.000000 11.568000 11.568000
1422.411301510999920 0.178000 11.211000 11.389000
1422.510781405999978 0.306000 16.681000 16.987000
1422.544028562999983 0.148000 15.224000 15.372000
1422.610397698000043 0.143000 15.176000 15.319000
1422.643473458000017 0.149000 8.298000 8.447000
1422.676646405999918 0.147000 6.007000 6.154000
1422.742992405999985 0.283000 13.083000 13.366000
1422.776209719000008 0.000000 9.191000 9.191000
1422.809378718000062 0.172000 8.256000 8.428000
1422.842552562000037 0.144000 6.097000 6.241000
1422.908901541999967 0.281000 10.974000 11.255000
1422.942029406000074 0.141000 9.660000 9.801000
1422.975242822999917 0.146000 11.241000 11.387000
1423.008376615000088 0.143000 9.286000 9.429000
1423.041636405999952 0.000000 4.593000 4.593000
1423.074798353999995 0.142000 9.155000 9.297000
1423.107895353999993 0.144000 10.147000 10.291000
1423.174241926999912 0.262000 10.412000 10.674000
1423.207496354000114 0.139000 8.449000 8.588000
1423.240712561999999 0.160000 4.616000 4.776000
1423.273779405999903 0.124000 11.277000 11.401000
1423.306934875000024 0.203000 8.467000 8.670000
1423.340147769999930 0.181000 6.352000 6.533000
1423.373321666000038 0.146000 5.777000 5.923000
1423.406456770999966 0.131000 9.975000 10.106000
1423.439693812000087 0.130000 7.824000 7.954000
1423.472860770999887 0.186000 4.151000 4.337000
1423.506027444999972 0.151000 7.670000 7.821000
1423.539198737000106 0.199000 4.308000 4.507000
1423.572378445999902 0.160000 14.625000 14.785000
1423.605596112000057 0.135000 11.830000 11.965000
1423.638784508000072 0.134000 5.855000 5.989000
1423.671968230999937 0.124000 5.216000 5.340000
1423.705187500999955 0.128000 10.756000 10.884000
1423.738348450000103 0.171000 15.912000 16.083000
1423.771523188999936 0.176000 12.251000 12.427000
1423.804702188999954 0.140000 9.793000 9.933000
1423.837938508999969 0.134000 6.288000 6.422000
1423.871190508999916 0.132000 14.615000 14.747000
1423.904241664999972 0.136000 13.628000 13.764000
1423.937453456999947 0.132000 15.081000 15.213000
1423.970587456999965 0.000000 13.812000 13.812000
1424.003868548999890 0.147000 10.004000 10.151000
1424.037042549000034 0.138000 12.770000 12.908000
1424.103472392999947 0.269000 8.795000 9.064000
1424.136562393000077 0.127000 17.253000 17.380000
1424.169728705999887 0.167000 21.973000 22.140000
1424.202905444999942 0.166000 18.347000 18.513000
1424.236090548999982 0.154000 20.085000 20.239000
1424.269286392999902 0.177000 13.393000 13.570000
1424.302419445999931 0.142000 12.110000 12.252000
1424.335663497000041 0.168000 12.830000 12.998000
1424.368765496999913 0.175000 13.632000 13.807000
1424.402012392999950 0.146000 16.965000 17.111000
1424.435198393000064 0.138000 12.404000 12.542000
1424.468288195000014 0.132000 12.269000 12.401000
1424.501572444999965 0.134000 17.062000 17.196000
1424.534630653000022 0.129000 19.048000 19.177000
1424.567807393000066 0.140000 20.206000 20.346000
1424.600977548999936 0.134000 18.449000 18.583000
1424.634148393000032 0.176000 16.282000 16.458000
1424.667369705000056 0.167000 18.980000 19.147000
1424.700511392999942 0.150000 16.818000 16.968000
1424.733708340000021 0.148000 13.723000 13.871000
1424.766842496999971 0.143000 12.871000 13.014000
1424.800057550000020 0.166000 11.674000 11.840000
1424.833262862000083 0.150000 4.961000 5.111000
1424.866455808999945 0.143000 8.256000 8.399000
1424.899614840999902 0.125000 7.447000 7.572000
1424.932708392999984 0.132000 8.340000 8.472000
1424.965948174000005 0.130000 9.345000 9.475000
1424.999093860999892 0.142000 6.930000 7.072000
1425.032225861999905 0.138000 7.267000 7.405000
1425.065478653999890 0.140000 5.227000 5.367000
1425.098570548999987 0.128000 11.400000 11.528000
1425.131816444999913 0.136000 8.311000 8.447000
1425.164994861999958 0.131000 8.481000 8.612000
1425.198179019999998 0.174000 7.247000 7.421000
1425.231343311000046 0.142000 4.019000 4.161000
1425.264515363000100 0.119000 2.061000 2.180000
1425.297759363000068 0.121000 2.046000 2.167000
1425.330995467000093 0.000000 5.170000 5.170000
1425.364128264000101 0.153000 8.709000 8.862000
1425.397342367999954 0.172000 4.602000 4.774000
1425.463648160000048 0.312000 4.421000 4.733000
1425.496866836999970 0.152000 2.240000 2.392000
1425.530001264000020 0.142000 5.185000 5.327000
1425.563323737000019 0.174000 13.471000 13.645000
1425.596452737999925 0.142000 10.933000 11.075000
1425.629667737000091 0.000000 8.717000 8.717000
1425.662798685000098 0.148000 5.189000 5.337000
1425.695972529000073 0.142000 8.576000 8.718000
1425.762399475999928 0.341000 9.925000 10.266000
1425.795575580000104 0.166000 12.045000 12.211000
1425.828746423999974 0.164000 7.135000 7.299000
1425.861918476000028 0.000000 6.632000 6.632000
1425.895091632000003 0.157000 10.321000 10.478000
1425.928409230999932 0.140000 6.309000 6.449000
1425.994756178999978 0.144000 16.555000 16.699000
1426.027930283999922 0.157000 10.127000 10.284000
1426.061061179000035 0.321000 3.436000 3.757000
1426.127411574999996 0.126000 5.446000 5.572000
1426.160705903999997 0.134000 12.034000 12.168000
1426.227052017999995 0.262000 6.565000 6.827000
1426.260224279000113 0.000000 10.013000 10.013000
1426.293398789000094 0.122000 7.770000 7.892000
1426.326575528999911 0.133000 10.223000 10.356000
1426.393026190000000 0.134000 7.970000 8.104000
1426.426294981999945 0.236000 7.210000 7.446000
1426.459371085999919 0.000000 8.718000 8.718000
1426.525716981999949 0.315000 7.119000 7.434000
1426.592062035000026 0.127000 5.590000 5.717000
1426.625289694999992 0.134000 6.349000 6.483000
1426.658550549999973 0.123000 2.658000 2.781000
1426.724810580999929 0.123000 5.785000 5.908000
1426.758067936000089 0.128000 4.078000 4.206000
1426.791243142999974 0.124000 1.963000 2.087000
1426.857582039999897 0.000000 5.680000 5.680000
1426.890798092000068 0.122000 6.566000 6.688000
1426.990193246999979 0.120000 7.442000 7.562000
1427.056546300000036 0.143000 9.093000 9.236000
1427.156063956000025 0.392000 11.151000 11.543000
1427.189314508000052 0.000000 5.201000 5.201000
1427.222401935000107 0.134000 1.960000 2.094000
1427.255706882999903 0.123000 5.306000 5.429000
1427.321933247000061 0.241000 10.731000 10.972000
1427.355098070999929 0.174000 9.928000 10.102000
1427.388269196000010 0.000000 6.102000 6.102000
1427.421440883000059 0.151000 5.265000 5.416000
1427.454655039000045 0.128000 9.798000 9.926000
1427.521005196000033 0.139000 14.170000 14.309000
1427.554214351999917 0.154000 14.252000 14.406000
1427.620481497999890 0.330000 14.477000 14.807000
1427.653767602000016 0.126000 9.095000 9.221000
1427.686827882999978 0.129000 7.279000 7.408000
1427.719998883000017 0.136000 11.043000 11.179000
1427.753299039000012 0.147000 12.091000 12.238000
1427.786344986999893 0.141000 12.143000 12.284000
1427.819518987000038 0.000000 8.552000 8.552000
1427.852736040000082 0.128000 13.765000 13.893000
1427.885903195000083 0.171000 11.805000 11.976000
1427.952206986999954 0.289000 15.355000 15.644000
1427.985440101999984 0.138000 19.847000 19.985000
1428.018612789999906 0.174000 20.190000 20.364000
1428.051839049999899 0.142000 23.250000 23.392000
1428.084958050000068 0.142000 12.894000 13.036000
1428.118242790000068 0.151000 18.997000 19.148000
1428.151305101999924 0.172000 10.649000 10.821000
1428.184478205999994 0.148000 6.398000 6.546000
1428.217697893999912 0.000000 12.194000 12.194000
1428.250824894000061 0.172000 12.557000 12.729000
1428.283996789999946 0.149000 13.900000 14.049000
1428.350476815000093 0.242000 16.634000 16.876000
1428.383624492000081 0.192000 21.764000 21.956000
1428.416816545000074 0.162000 18.923000 19.085000
1428.449921856999936 0.235000 11.104000 11.339000
1428.483094545000085 0.154000 13.179000 13.333000
1428.516326451999930 0.138000 18.935000 19.073000
1428.549498503999985 0.148000 20.889000 21.037000
1428.582761973000061 0.183000 20.884000 21.067000
1428.615846400000009 0.185000 17.412000 17.597000
1428.649044503999903 0.147000 18.409000 18.556000
1428.682269674000054 0.145000 17.844000 17.989000
1428.715443673999971 0.127000 14.512000 14.639000
1428.748688778000087 0.155000 15.961000 16.116000
1428.781788726000059 0.000000 13.283000 13.283000
1428.814960725999981 0.148000 18.373000 18.521000
1428.848133674000110 0.133000 16.732000 16.865000
1428.914520777999996 0.292000 16.056000 16.348000
1428.947650883000051 0.212000 33.681000 33.893000
1428.980823829999963 0.173000 25.219000 25.392000
1429.013997777999975 0.169000 23.720000 23.889000
1429.047168778000014 0.000000 20.346000 20.346000
1429.080351830999916 0.185000 17.814000 17.999000
1429.113556986000049 0.000000 21.478000 21.478000
1429.179900934999978 0.348000 17.752000 18.100000
1429.246301090000088 0.264000 17.853000 18.117000
1429.279425976000084 0.134000 21.336000 21.470000
1429.312634985999921 0.140000 17.666000 17.806000
1429.345767830000113 0.138000 14.130000 14.268000
1429.378941830000031 0.144000 15.022000 15.166000
1429.412114830000064 0.194000 12.991000 13.185000
1429.445232032999911 0.177000 11.544000 11.721000
1429.478449679000050 0.165000 14.483000 14.648000
1429.511542939000037 0.138000 9.982000 10.120000
1429.544782200000100 0.144000 8.826000 8.970000
1429.577955887999906 0.134000 2.094000 2.228000
1429.611064783000074 0.131000 4.165000 4.296000
1429.644229460999895 0.133000 6.408000 6.541000
1429.677405022999892 0.134000 8.605000 8.739000
1429.710620678999931 0.000000 6.036000 6.036000
1429.743748731000096 0.132000 8.980000 9.112000
1429.776940137000111 0.175000 2.786000 2.961000
1429.843214876000047 0.134000 4.536000 4.670000
1429.876483031999896 0.140000 11.484000 11.624000
1429.909643083999981 0.141000 6.775000 6.916000
1429.975910187999943 0.278000 10.004000 10.282000
1430.009081929000104 0.154000 6.726000 6.880000
1430.042255875999899 0.143000 4.881000 5.024000
1430.075426928000070 0.148000 12.269000 12.417000
1430.108599928000103 0.133000 8.136000 8.269000
1430.141773085000068 0.134000 2.743000 2.877000
1430.174925024999993 0.130000 2.320000 2.450000
1430.208106160999932 0.137000 4.659000 4.796000
1430.241232130000071 0.155000 13.028000 13.183000
1430.274406338000063 0.149000 10.925000 11.074000
1430.307576921999953 0.162000 7.962000 8.124000
1430.340748764999944 0.148000 9.395000 9.543000
1430.373962920999929 0.133000 8.280000 8.413000
1430.407171922000089 0.000000 12.944000 12.944000
1430.440353816999959 0.164000 11.190000 11.354000
1430.473440972999924 0.142000 15.794000 15.936000
1430.539772345000074 0.278000 16.980000 17.258000
1430.572945979999986 0.170000 7.762000 7.932000
1430.606120928000109 0.154000 14.633000 14.787000
1430.639297136000096 0.152000 12.746000 12.898000
1430.672463979999975 0.153000 10.523000 10.676000
1430.705638032000024 0.144000 8.603000 8.747000
1430.738811032000058 0.134000 7.688000 7.822000
1430.771982980000075 0.139000 8.288000 8.427000
1430.805159189000051 0.154000 5.781000 5.935000
1430.838329083999952 0.165000 8.756000 8.921000
1430.871443640000052 0.000000 4.348000 4.348000
1430.904575640000076 0.148000 7.137000 7.285000
1430.937790744000040 0.187000 8.922000 9.109000
1431.004134640000075 0.339000 10.723000 11.062000
1431.037269941999966 0.157000 14.173000 14.330000
1431.070442953000111 0.201000 4.425000 4.626000
1431.103615795999985 0.160000 9.074000 9.234000
1431.136881588000051 0.150000 14.776000 14.926000
1431.169960691999904 0.145000 10.173000 10.318000
1431.203238640000109 0.000000 4.106000 4.106000
1431.236259372999939 0.138000 9.051000 9.189000
1431.269431269000052 0.151000 10.550000 10.701000
1431.335882373000004 0.312000 9.887000 10.199000
1431.369059374000017 0.174000 12.212000 12.386000
1431.402126373000101 0.000000 14.969000 14.969000
1431.435306268999966 0.197000 9.497000 9.694000
1431.468578216999958 0.199000 12.081000 12.280000
1431.534816581000086 0.150000 14.432000 14.582000
1431.568094311000095 0.150000 3.628000 3.778000
1431.634333529000060 0.137000 5.621000 5.758000
1431.667584476999991 0.000000 12.309000 12.309000
1431.733853633000081 0.154000 15.431000 15.585000
1431.800198478000084 0.287000 8.482000 8.769000
1431.866543322000098 0.141000 11.506000 11.647000
1431.899717268999893 0.155000 6.379000 6.534000
1431.965988149999930 0.139000 3.780000 3.919000
1431.999161045999927 0.136000 5.333000 5.469000
1432.032333202000018 0.000000 7.747000 7.747000
1432.098755098000083 0.133000 11.828000 11.961000
1432.165104202000066 0.293000 10.181000 10.474000
1432.231320558000107 0.294000 16.080000 16.374000
1432.264571892000049 0.144000 8.854000 8.998000
1432.297758255999952 0.000000 7.583000 7.583000
1432.330884058000038 0.144000 5.801000 5.945000
1432.364092953999943 0.154000 6.323000 6.477000
1432.430460870999923 0.290000 9.285000 9.575000
1432.463533870999981 0.137000 2.158000 2.295000
1432.496707120000110 0.154000 5.794000 5.948000
1432.529962505999947 0.138000 8.822000 8.960000
1432.563150443000040 0.152000 7.295000 7.447000
1432.596337130999927 0.133000 7.577000 7.710000
1432.629399234999937 0.138000 5.512000 5.650000
1432.662610869999980 0.147000 5.652000 5.799000
1432.695782662000056 0.148000 2.764000 2.912000
1432.728915453999889 0.135000 5.546000 5.681000
1432.762126609999996 0.000000 7.502000 7.502000
1432.795354714000041 0.138000 3.479000 3.617000
1432.828434609999931 0.130000 2.386000 2.516000
1432.894779558999971 0.399000 5.547000 5.946000
1432.927953611000021 0.155000 10.304000 10.459000
1432.961125558000049 0.129000 6.281000 6.410000
1432.994367662000059 0.136000 5.594000 5.730000
1433.027472506000095 0.000000 6.177000 6.177000
1433.060727286999963 0.133000 11.535000 11.668000
1433.093817610000087 0.147000 11.014000 11.161000
1433.160206505999895 0.136000 7.309000 7.445000
1433.193336558000055 0.137000 8.367000 8.504000
1433.226585505999992 0.000000 5.099000 5.099000
1433.292870692999941 0.135000 7.301000 7.436000
1433.359279026999957 0.308000 5.990000 6.298000
1433.425548661999983 0.268000 13.856000 14.124000
1433.491893454000092 0.129000 14.755000 14.884000
1433.525065558000051 0.134000 9.479000 9.613000
1433.558237506000069 0.149000 4.117000 4.266000
1433.624584557999924 0.131000 4.851000 4.982000
1433.657757453999920 0.139000 12.538000 12.677000
1433.690931559000092 0.141000 5.482000 5.623000
1433.757352610999988 0.132000 11.505000 11.637000
1433.790450714999906 0.133000 11.784000 11.917000
1433.856795453999894 0.263000 13.883000 14.146000
1433.890009506000069 0.146000 15.732000 15.878000
1433.923182453999971 0.130000 18.129000 18.259000
1433.956358557999920 0.224000 15.026000 15.250000
1433.989530558000070 0.000000 11.180000 11.180000
1434.022661506000077 0.142000 12.290000 12.432000
1434.055905557999949 0.142000 12.974000 13.116000
1434.122179610000103 0.434000 12.865000 13.299000
1434.155392505999998 0.164000 12.915000 13.079000
1434.188567766000006 0.158000 5.786000 5.944000
1434.221776714000043 0.000000 7.845000 7.845000
1434.254871505999972 0.144000 6.187000 6.331000
1434.288045505999889 0.141000 10.088000 10.229000
1434.354471766999950 0.293000 11.834000 12.127000
1434.387565558000006 0.000000 25.395000 25.395000
1434.420738609999944 0.181000 12.023000 12.204000
1434.453910922999967 0.144000 12.970000 13.114000
1434.520296975000065 0.141000 11.756000 11.897000
1434.553470663000098 0.140000 13.623000 13.763000
1434.619774559000007 0.325000 28.355000 28.680000
1434.652947765999897 0.210000 17.918000 18.128000
1434.686196557999892 0.174000 19.135000 19.309000
1434.719295454000076 0.236000 22.612000 22.848000
1434.752506662000087 0.167000 13.184000 13.351000
1434.785657557999912 0.167000 14.388000 14.555000
1434.818853609999906 0.159000 19.463000 19.622000
1434.852089764000084 0.174000 12.872000 13.046000
1434.885304972000085 0.147000 16.108000 16.255000
1434.918397232999951 0.135000 12.709000 12.844000
1434.951607869000100 0.122000 13.072000 13.194000
1434.984781763999990 0.132000 14.261000 14.393000
1435.017966920999925 0.135000 21.689000 21.824000
1435.051128712000036 0.143000 25.055000 25.198000
1435.084301868000011 0.131000 22.819000 22.950000
1435.117513764000023 0.132000 22.496000 22.628000
1435.150683816000083 0.141000 20.628000 20.769000
1435.183722004999936 0.136000 19.576000 19.712000
1435.216894005000086 0.128000 19.126000 19.254000
1435.250168057000110 0.130000 21.796000 21.926000
1435.283239900999888 0.155000 18.340000 18.495000
1435.316486057000020 0.137000 12.570000 12.707000
1435.349626900999965 0.134000 13.866000 14.000000
1435.382759006000015 0.000000 13.204000 13.204000
1435.415932213999895 0.136000 13.437000 13.573000
1435.449219213000106 0.159000 10.542000 10.701000
1435.515453265999895 0.283000 16.354000 16.637000
1435.548640870000099 0.142000 9.098000 9.240000
1435.581736817000092 0.132000 15.245000 15.377000
1435.614910024999972 0.195000 14.496000 14.691000
1435.648123817999931 0.191000 9.940000 10.131000
1435.681255024999928 0.172000 8.751000 8.923000
1435.714434222999898 0.158000 4.652000 4.810000
1435.747648171000037 0.201000 1.974000 2.175000
1435.780774921000102 0.161000 4.051000 4.212000
1435.813950921000014 0.175000 4.965000 5.140000
1435.847159765000015 0.134000 2.087000 2.221000
1435.880333973999996 0.129000 4.549000 4.678000
1435.913506764999966 0.137000 6.018000 6.155000
1435.946678869999914 0.128000 5.213000 5.341000
1435.979852765000032 0.131000 8.206000 8.337000
1436.013026286000013 0.135000 5.978000 6.113000
1436.046205817000100 0.139000 2.397000 2.536000
1436.079389816999992 0.150000 2.306000 2.456000
1436.112503713000024 0.121000 4.637000 4.758000
1436.145676764999962 0.136000 7.976000 8.112000
1436.178889921000064 0.121000 6.499000 6.620000
1436.212063974000102 0.000000 5.083000 5.083000
1436.245236816999977 0.134000 5.633000 5.767000
1436.278409765000106 0.128000 2.857000 2.985000
1436.344756920999998 0.130000 5.356000 5.486000
1436.377929025999947 0.182000 7.293000 7.475000
1436.444234973999983 0.355000 5.735000 6.090000
1436.477502869000091 0.164000 9.609000 9.773000
1436.510624817000007 0.145000 6.399000 6.544000
1436.543754024999998 0.143000 4.522000 4.665000
1436.576926972999900 0.133000 2.157000 2.290000
1436.610232945000007 0.126000 2.037000 2.163000
1436.643334736000043 0.117000 2.047000 2.164000
1436.676507892000018 0.000000 4.592000 4.592000
1436.709679684000093 0.124000 6.471000 6.595000
1436.742852944000106 0.124000 2.720000 2.844000
1436.809283876000109 0.339000 2.543000 2.882000
1436.842458542000031 0.000000 6.786000 6.786000
1436.875630491000038 0.169000 9.716000 9.885000
1436.908803189000082 0.136000 3.740000 3.876000
1436.975148876000048 0.342000 7.115000 7.457000
1437.008407655999918 0.193000 6.712000 6.905000
1437.041577760000109 0.148000 7.398000 7.546000
1437.074819656000045 0.184000 7.009000 7.193000
1437.108032655999978 0.148000 3.626000 3.774000
1437.141140603999929 0.146000 2.145000 2.291000
1437.174447696000016 0.190000 5.963000 6.153000
1437.207512643999962 0.000000 7.130000 7.130000
1437.240805435000084 0.160000 3.488000 3.648000
1437.273857538999891 0.136000 5.809000 5.945000
1437.340348382999991 0.263000 7.121000 7.384000
1437.373486146999994 0.152000 3.164000 3.316000
1437.406773095000062 0.124000 6.835000 6.959000
1437.439831804000050 0.131000 9.051000 9.182000
1437.473001354999951 0.124000 7.020000 7.144000
1437.506174564000048 0.132000 5.955000 6.087000
1437.539440540999976 0.138000 13.883000 14.021000
1437.572754103000079 0.176000 11.389000 11.565000
1437.605785125000011 0.131000 8.272000 8.403000
1437.638957176000076 0.145000 7.085000 7.230000
1437.672130176000110 0.138000 4.552000 4.690000
1437.705412436999950 0.131000 2.185000 2.316000
1437.738596542000096 0.134000 1.965000 2.099000
1437.771776385000067 0.124000 5.809000 5.933000
1437.804944280999962 0.123000 7.550000 7.673000
1437.838122541000075 0.122000 4.096000 4.218000
1437.871383013000013 0.120000 5.280000 5.400000
1437.904558013000042 0.127000 6.783000 6.910000
1437.937729961000059 0.187000 2.743000 2.930000
1437.970952064999892 0.163000 2.113000 2.276000
1438.004114116999972 0.000000 2.006000 2.006000
1438.037339169999996 0.125000 5.385000 5.510000
1438.070443326000031 0.000000 6.095000 6.095000
1438.136869169999954 0.269000 9.279000 9.548000
1438.203221118000101 0.128000 7.380000 7.508000
1438.236394221999944 0.121000 6.298000 6.419000
1438.269561274999887 0.133000 6.858000 6.991000
1438.335827222000034 0.125000 6.597000 6.722000
1438.368999274000089 0.000000 6.377000 6.377000
1438.435346274000040 0.276000 6.185000 6.461000
1438.501691482000069 0.245000 4.172000 4.417000
1438.534950794999986 0.000000 7.934000 7.934000
1438.568120951000083 0.153000 7.106000 7.259000
1438.601210377999905 0.126000 4.055000 4.181000
1438.667557534000025 0.253000 2.636000 2.889000
1438.700771325999995 0.000000 6.873000 6.873000
1438.733969273999946 0.130000 8.627000 8.757000
1438.767154429999891 0.000000 5.079000 5.079000
1438.833422325999891 0.245000 6.401000 6.646000
1438.899866504000101 0.246000 9.864000 10.110000
1438.932984585999975 0.000000 7.288000 7.288000
1438.966162222000094 0.131000 6.385000 6.516000
1438.999289377999958 0.131000 5.914000 6.045000
1439.065737210999941 0.254000 7.310000 7.564000
1439.098848430000089 0.134000 10.007000 10.141000
1439.131979534000038 0.127000 4.860000 4.987000
1439.165158325999982 0.122000 5.059000 5.181000
1439.198413273999904 0.125000 6.432000 6.557000
1439.231603222000103 0.000000 6.612000 6.612000
1439.264674274000072 0.151000 5.388000 5.539000
1439.297885222000104 0.162000 7.333000 7.495000
1439.364192221999929 0.140000 6.460000 6.600000
1439.397364273999983 0.132000 11.821000 11.953000
1439.463710118000108 0.284000 12.627000 12.911000
1439.496886169999925 0.128000 7.569000 7.697000
1439.530058837000070 0.125000 5.175000 5.300000
1439.563296988000047 0.135000 12.092000 12.227000
1439.596494988999893 0.126000 11.399000 11.525000
1439.629624883999895 0.124000 8.660000 8.784000
1439.662812041000052 0.122000 5.351000 5.473000
1439.695971676999989 0.000000 7.027000 7.027000
1439.729143675999921 0.183000 4.980000 5.163000
1439.762318624000045 0.149000 6.328000 6.477000
1439.828703831999974 0.302000 7.236000 7.538000
1439.861835623999923 0.123000 17.250000 17.373000
1439.895092623999972 0.123000 8.072000 8.195000
1439.928271675999895 0.116000 11.801000 11.917000
1439.961395624000033 0.121000 15.656000 15.777000
1439.994566624000072 0.139000 12.568000 12.707000
1440.027744779999921 0.150000 14.834000 14.984000
1440.060917675999917 0.189000 15.615000 15.804000
1440.094046623999930 0.167000 14.227000 14.394000
1440.127220885000042 0.129000 13.662000 13.791000
1440.160518676000038 0.138000 15.957000 16.095000
1440.193605623999929 0.156000 12.254000 12.410000
1440.226781144999904 0.157000 8.705000 8.862000
1440.259912249000081 0.220000 12.093000 12.313000
1440.293159008999964 0.153000 11.695000 11.848000
1440.326256885000021 0.132000 12.431000 12.563000
1440.359430572000065 0.137000 11.919000 12.056000
1440.392649677000009 0.144000 18.371000 18.515000
1440.425851405999992 0.000000 18.708000 18.708000
1440.459024666000005 0.182000 14.801000 14.983000
1440.492240457999969 0.148000 16.114000 16.262000
1440.558545404999904 0.149000 15.404000 15.553000
1440.591718749999927 0.000000 21.429000 21.429000
1440.658102770999903 0.368000 14.933000 15.301000
1440.724457696999934 0.146000 16.593000 16.739000
1440.757623718000104 0.148000 21.103000 21.251000
1440.823991354000100 0.281000 16.631000 16.912000
1440.857141457999887 0.151000 24.615000 24.766000
1440.890315563000058 0.196000 20.209000 20.405000
1440.923445458000060 0.160000 13.536000 13.696000
1440.956618405999961 0.000000 15.332000 15.332000
1440.989791510000032 0.181000 18.742000 18.923000
1441.023006613999996 0.168000 25.597000 25.765000
1441.089351667000074 0.191000 15.333000 15.524000
1441.122524613999985 0.156000 19.075000 19.231000
1441.155696614999897 0.178000 20.079000 20.257000
1441.222003406000113 0.431000 11.092000 11.523000
1441.255209510999975 0.159000 18.523000 18.682000
1441.288293402999898 0.176000 18.055000 18.231000
1441.321467299000005 0.155000 12.613000 12.768000
1441.354640246999907 0.145000 12.751000 12.896000
1441.387812402999998 0.149000 11.492000 11.641000
1441.420986402999915 0.153000 19.726000 19.879000
1441.454083029999993 0.150000 22.906000 23.056000
1441.487256133000074 0.159000 13.767000 13.926000
1441.520515924999927 0.137000 13.958000 14.095000
1441.553601925000066 0.000000 14.589000 14.589000
1441.586882237000054 0.157000 19.565000 19.722000
1441.620038029999932 0.000000 17.559000 17.559000
1441.686378134000051 0.150000 14.824000 14.974000
1441.752640924999923 0.313000 26.088000 26.401000
1441.818989394000027 0.215000 35.507000 35.722000
1441.852241602000049 0.202000 17.426000 17.628000
1441.918531341000062 0.375000 24.693000 25.068000
1441.951681028999928 0.187000 14.246000 14.433000
1441.984985925000046 0.177000 13.650000 13.827000
1442.018028030000096 0.181000 13.807000 13.988000
1442.051201028999913 0.211000 12.247000 12.458000
1442.084413490000088 0.158000 14.621000 14.779000
1442.117481334000104 0.150000 11.187000 11.337000
1442.150755385999901 0.158000 16.192000 16.350000
1442.183904385999995 0.177000 13.015000 13.192000
1442.217048281999951 0.145000 12.016000 12.161000
1442.250202324999918 0.133000 12.123000 12.256000
1442.283374271999946 0.135000 7.128000 7.263000
1442.316550323999991 0.139000 8.110000 8.249000
1442.349627375999944 0.146000 7.409000 7.555000
1442.382900584000026 0.000000 2.377000 2.377000
1442.416033835999997 0.147000 4.296000 4.443000
1442.449084732000074 0.170000 12.683000 12.853000
1442.515426784000056 0.282000 13.796000 14.078000
1442.548743732000048 0.149000 7.452000 7.601000
1442.581780836999997 0.171000 2.285000 2.456000
1442.614872358999946 0.143000 4.626000 4.769000
1442.648137619999943 0.000000 6.074000 6.074000
1442.681306514999960 0.149000 4.530000 4.679000
1442.714496462999932 0.143000 7.819000 7.962000
1442.780816650999896 0.173000 9.790000 9.963000
1442.813909515999967 0.154000 7.327000 7.481000
1442.847081411000090 0.147000 6.850000 6.997000
1442.913428358999909 0.135000 5.852000 5.987000
1442.946720515999914 0.000000 9.179000 9.179000
1443.012947514999951 0.161000 13.998000 14.159000
1443.079234328999974 0.385000 7.736000 8.121000
1443.145580380999945 0.284000 5.908000 6.192000
1443.178802537999900 0.139000 11.274000 11.413000
1443.211997329000042 0.000000 5.288000 5.288000
1443.245184484999982 0.164000 4.753000 4.917000
1443.278272484999889 0.157000 5.845000 6.002000
1443.344689588999927 0.283000 7.586000 7.869000
1443.377792328999931 0.145000 12.234000 12.379000
1443.411005432999900 0.144000 8.852000 8.996000
1443.444179277000103 0.140000 6.013000 6.153000
1443.477332841999896 0.000000 8.148000 8.148000
1443.510513998000079 0.136000 6.003000 6.139000
1443.543720893999989 0.155000 8.024000 8.179000
1443.610001894000106 0.303000 7.757000 8.060000
1443.643166842000028 0.000000 4.377000 4.377000
1443.676339789999929 0.143000 11.665000 11.808000
1443.709516155000074 0.000000 14.059000 14.059000
1443.775818997999977 0.218000 13.227000 13.445000
1443.842290519000017 0.336000 19.911000 20.247000
1443.908627893999892 0.188000 21.585000 21.773000
1443.941685946000007 0.161000 10.669000 10.830000
1443.974899842000013 0.146000 15.052000 15.198000
1444.041201894000096 0.282000 12.640000 12.922000
1444.074376790000088 0.149000 14.829000 14.978000
1444.107555998999942 0.000000 14.343000 14.343000
1444.140761842000074 0.159000 12.345000 12.504000
1444.173933154999986 0.150000 19.718000 19.868000
1444.240239945999974 0.282000 22.137000 22.419000
1444.273482101999889 0.148000 10.893000 11.041000
1444.306586508999999 0.148000 6.090000 6.238000
1444.339801196000053 0.188000 13.778000 13.966000
1444.372977362000029 0.239000 9.572000 9.811000
1444.406232206999903 0.194000 8.726000 8.920000
1444.439318102000016 0.170000 12.545000 12.715000
1444.472534997999901 0.146000 18.077000 18.223000
1444.505730726999900 0.209000 14.772000 14.981000
1444.538802206999890 0.176000 12.761000 12.937000
1444.572012102999906 0.166000 12.819000 12.985000
1444.605145997999898 0.139000 11.338000 11.477000
1444.638315894000016 0.136000 11.491000 11.627000
1444.671533945999954 0.000000 11.728000 11.728000
1444.704771237999921 0.144000 15.207000 15.351000
1444.737835894000000 0.164000 10.096000 10.260000
1444.804267257999982 0.149000 10.736000 10.885000
1444.837438997999925 0.152000 16.910000 17.062000
1444.870614832000001 0.144000 13.825000 13.969000
1444.936876571000084 0.146000 10.638000 10.784000
1444.970046999000033 0.140000 20.807000 20.947000
1445.036431467000057 0.165000 21.312000 21.477000
1445.069563997999921 0.303000 21.756000 22.059000
1445.135910518999935 0.328000 11.247000 11.575000
1445.169171883999979 0.000000 14.769000 14.769000
1445.202266405000046 0.200000 11.528000 11.728000
1445.235429205999935 0.000000 8.928000 8.928000
1445.301781101999950 0.349000 15.730000 16.079000
1445.368258841999932 0.141000 19.314000 19.455000
1445.401384727000050 0.167000 16.984000 17.151000
1445.467721997999888 0.284000 8.455000 8.739000
1445.500814049999917 0.132000 14.639000 14.771000
1445.534060945999954 0.220000 9.965000 10.185000
1445.567271050000045 0.231000 12.325000 12.556000
1445.600331893999964 0.199000 16.473000 16.672000
1445.633546946000024 0.153000 15.401000 15.554000
1445.666677998000068 0.221000 10.164000 10.385000
1445.699850998000102 0.174000 10.744000 10.918000
1445.733024842000077 0.175000 14.522000 14.697000
1445.766288893999899 0.158000 11.990000 12.148000
1445.799370894000049 0.189000 14.782000 14.971000
1445.832543049999913 0.231000 15.775000 16.006000
1445.865757946000031 0.000000 13.582000 13.582000
1445.898930049999990 0.179000 7.056000 7.235000
1445.932061998000108 0.169000 13.617000 13.786000
1445.998448842000016 0.403000 18.456000 18.859000
1446.031580842000039 0.167000 13.975000 14.142000
1446.064757842000063 0.140000 12.096000 12.236000
1446.097968842000000 0.145000 12.901000 13.046000
1446.131100893999928 0.000000 8.061000 8.061000
1446.164273893999962 0.139000 5.126000 5.265000
1446.197488893999889 0.158000 9.407000 9.565000
1446.263791946000083 0.135000 12.845000 12.980000
1446.296964842000079 0.000000 17.089000 17.089000
1446.330137946999912 0.154000 11.905000 12.059000
1446.429698894000012 0.457000 10.935000 11.392000
1446.462830102999988 0.150000 15.703000 15.853000
1446.496091404000026 0.000000 16.911000 16.911000
1446.529110040999967 0.188000 17.903000 18.091000
1446.562285342999985 0.213000 9.550000 9.763000
1446.628631968000036 0.136000 17.737000 17.873000
1446.661928624999973 0.163000 13.625000 13.788000
1446.728158550999979 0.314000 11.878000 12.192000
1446.761323468000001 0.139000 12.175000 12.314000
1446.794594519999919 0.000000 9.729000 9.729000
1446.827781572000049 0.144000 6.947000 7.091000
1446.860952572000087 0.147000 8.379000 8.526000
1446.927185519999966 0.260000 11.424000 11.684000
1446.960301846999982 0.135000 17.317000 17.452000
1446.993604002999973 0.206000 9.982000 10.188000
1447.026647848000039 0.130000 4.673000 4.803000
1447.059893795000107 0.118000 13.846000 13.964000
1447.093091794999964 0.126000 9.141000 9.267000
1447.126169004000076 0.134000 9.021000 9.155000
1447.159343045000014 0.000000 4.945000 4.945000
1447.192513056000053 0.132000 8.038000 8.170000
1447.225767211999937 0.130000 9.578000 9.708000
1447.292039160000058 0.167000 5.546000 5.713000
1447.325206055000081 0.141000 5.841000 5.982000
1447.358380160000024 0.000000 2.656000 2.656000
1447.424818525000092 0.122000 4.176000 4.298000
1447.491078795000021 0.254000 10.985000 11.239000
1447.557418055999960 0.123000 16.346000 16.469000
1447.590802612000061 0.130000 7.954000 8.084000
1447.623950717000071 0.124000 7.842000 7.966000
1447.690190664000056 0.120000 8.654000 8.774000
1447.723467549999896 0.133000 5.567000 5.700000
1447.756536403999917 0.140000 4.978000 5.118000
1447.822952480999902 0.271000 6.824000 7.095000
1447.856230430000096 0.125000 5.253000 5.378000
1447.889428585999894 0.128000 7.713000 7.841000
1447.922573741999940 0.000000 5.795000 5.795000
1447.955744636999952 0.126000 2.818000 2.944000
1447.988985205000063 0.116000 2.182000 2.298000
1448.055237996999949 0.243000 2.149000 2.392000
1448.088541393000014 0.118000 4.430000 4.548000
1448.121583393000037 0.000000 8.211000 8.211000
1448.154799779000086 0.128000 7.310000 7.438000
1448.188035313000000 0.128000 10.326000 10.454000
1448.254381209000030 0.327000 7.945000 8.272000
1448.287586053000041 0.000000 7.998000 7.998000
1448.320800104999989 0.179000 9.697000 9.876000
1448.353898001000061 0.148000 6.972000 7.120000
1448.420314547000089 0.379000 9.352000 9.731000
1448.453450704000034 0.000000 8.824000 8.824000
1448.486755702999972 0.177000 3.452000 3.629000
1448.519795494999926 0.000000 3.165000 3.165000
1448.586221911999928 0.390000 6.005000 6.395000
1448.652671299000076 0.199000 11.985000 12.184000
1448.685760299000094 0.167000 3.757000 3.924000
1448.752106288000050 0.351000 6.509000 6.860000
1448.785342403999948 0.152000 11.820000 11.972000
1448.818452299000000 0.152000 7.380000 7.532000
1448.851791049999974 0.140000 5.916000 6.056000
1448.884957903999975 0.000000 7.473000 7.473000
1448.918089060000057 0.156000 2.628000 2.784000
1448.951222852999990 0.135000 2.665000 2.800000
1449.017566488000057 0.150000 2.258000 2.408000
1449.050858287999972 0.176000 5.812000 5.988000
1449.117136965000100 0.305000 9.682000 9.987000
1449.150348496000106 0.000000 7.000000 7.000000
1449.183526390999987 0.134000 3.202000 3.336000
1449.216694288000099 0.179000 2.268000 2.447000
1449.283002640999939 0.157000 6.233000 6.390000
1449.316245234999997 0.121000 6.797000 6.918000
1449.382558235000033 0.148000 7.552000 7.700000
1449.415735442999903 0.163000 13.107000 13.270000
1449.448907183000074 0.169000 9.043000 9.212000
1449.515210390999982 0.177000 7.998000 8.175000
1449.548385756000016 0.172000 6.521000 6.693000
1449.581605287000002 0.146000 6.061000 6.207000
1449.647903182999926 0.275000 5.495000 5.770000
1449.681212130999938 0.145000 5.621000 5.766000
1449.714288183000008 0.145000 5.845000 5.990000
1449.747503182999935 0.141000 5.426000 5.567000
1449.780679183000075 0.176000 5.040000 5.216000
1449.813769287000014 0.139000 6.783000 6.922000
1449.846941130999994 0.134000 6.550000 6.684000
1449.880153078999911 0.131000 2.715000 2.846000
1449.913331183000082 0.141000 6.942000 7.083000
1449.946507599999904 0.134000 7.308000 7.442000
1449.979761911999958 0.134000 10.666000 10.800000
1450.012885392000044 0.134000 7.630000 7.764000
1450.046019339999930 0.141000 7.518000 7.659000
1450.079199286999938 0.171000 6.658000 6.829000
1450.112401287000012 0.150000 9.014000 9.164000
1450.145498182999972 0.163000 6.537000 6.700000
1450.178807182999890 0.139000 9.344000 9.483000
1450.211844339999971 0.148000 8.790000 8.938000
1450.245016182999962 0.000000 4.162000 4.162000
1450.278189182999995 0.223000 10.523000 10.746000
1450.311460338999950 0.176000 10.371000 10.547000
1450.377711682999916 0.264000 9.448000 9.712000
1450.410882234999917 0.130000 15.172000 15.302000
1450.444131548000087 0.149000 11.666000 11.815000
1450.477228704000026 0.144000 12.164000 12.308000
1450.510443370000075 0.133000 14.308000 14.441000
1450.543574131000014 0.128000 11.840000 11.968000
1450.576748234999968 0.124000 7.887000 8.011000
1450.609921745000065 0.131000 12.667000 12.798000
1450.643096046999972 0.175000 10.413000 10.588000
1450.676306131000047 0.137000 9.074000 9.211000
1450.709444442999938 0.131000 13.684000 13.815000
1450.742614630999924 0.000000 8.296000 8.296000
1450.775888287000043 0.125000 9.281000 9.406000
1450.809062068999992 0.144000 12.585000 12.729000
1450.875384130999919 0.248000 18.130000 18.378000
1450.908482078999896 0.173000 14.633000 14.806000
1450.941715309000074 0.186000 20.857000 21.043000
1450.974921308999910 0.141000 21.648000 21.789000
1451.008096308999939 0.000000 19.462000 19.462000
1451.041272309000078 0.135000 23.937000 24.072000
1451.074442871999963 0.154000 20.660000 20.814000
1451.140746308999951 0.291000 9.558000 9.849000
1451.173960464999936 0.126000 19.481000 19.607000
1451.207131360999938 0.128000 18.760000 18.888000
1451.240265309000051 0.131000 22.669000 22.800000
1451.273445466000112 0.128000 20.144000 20.272000
1451.306611308999891 0.140000 23.106000 23.246000
1451.339783309000040 0.139000 21.951000 22.090000
1451.372998257000063 0.127000 19.661000 19.788000
1451.406170621999991 0.127000 18.725000 18.852000
1451.439303309000024 0.133000 18.616000 18.749000
1451.472476360999963 0.122000 19.349000 19.471000
1451.505688309000107 0.197000 21.751000 21.948000
1451.538863412999945 0.144000 13.808000 13.952000
1451.572037360999957 0.159000 5.029000 5.188000
1451.605168361000096 0.129000 16.136000 16.265000
1451.638340673999892 0.125000 15.699000 15.824000
1451.671515465000084 0.153000 21.439000 21.592000
1451.704687360999969 0.173000 16.268000 16.441000
1451.737939517000086 0.146000 13.678000 13.824000
1451.771033570000100 0.199000 9.786000 9.985000
1451.804207256999916 0.000000 13.818000 13.818000
1451.837486413000079 0.167000 11.946000 12.113000
1451.870591620999903 0.183000 9.492000 9.675000
1451.936898517999907 0.142000 15.557000 15.699000
1451.970073756999909 0.187000 11.198000 11.385000
1452.003181170000062 0.140000 11.606000 11.746000
1452.069528753999975 0.319000 13.081000 13.400000
1452.102778545000092 0.000000 10.443000 10.443000
1452.135984544999928 0.152000 5.545000 5.697000
1452.169047596999917 0.135000 11.258000 11.393000
1452.235480700999915 0.156000 19.752000 19.908000
1452.268564430999959 0.195000 11.429000 11.624000
1452.334910544999957 0.147000 11.145000 11.292000
1452.368083753000064 0.124000 14.390000 14.514000
1452.401256597999918 0.131000 12.515000 12.646000
1452.467547749000005 0.346000 6.390000 6.736000
1452.500823696999987 0.196000 7.948000 8.144000
1452.533967592999943 0.269000 4.078000 4.347000
1452.567176749000055 0.219000 4.666000 4.885000
1452.600238905999959 0.000000 11.076000 11.076000
1452.633429852000063 0.211000 12.273000 12.484000
1452.666509851999990 0.220000 12.835000 13.055000
1452.732853529000067 0.461000 10.655000 11.116000
1452.766029634000006 0.202000 16.200000 16.402000
1452.799202091000097 0.207000 6.464000 6.671000
1452.832317338999928 0.000000 5.670000 5.670000
1452.865561202999970 0.000000 7.387000 7.387000
1452.898662152000043 0.204000 4.018000 4.222000
1452.998260151000068 0.303000 5.000000 5.303000
1453.031353047000039 0.162000 10.224000 10.386000
1453.097636528000066 0.188000 8.033000 8.221000
1453.130809631999909 0.176000 9.110000 9.286000
1453.197158475999913 0.342000 16.266000 16.608000
1453.230372631999899 0.166000 12.203000 12.369000
1453.263501632000043 0.160000 10.059000 10.219000
1453.296719152999913 0.194000 7.985000 8.179000
1453.329926569999998 0.131000 5.142000 5.273000
1453.363061412999969 0.247000 8.140000 8.387000
1453.396235101000002 0.165000 5.506000 5.671000
1453.429413787999920 0.140000 5.310000 5.450000
1453.462564196999892 0.155000 6.305000 6.460000
1453.495746249999911 0.000000 3.681000 3.681000
1453.528865988999996 0.137000 5.158000 5.295000
1453.561999989000014 0.130000 5.705000 5.835000
1453.628390041000102 0.295000 7.945000 8.240000
1453.661608144999946 0.134000 8.090000 8.224000
1453.694776936999915 0.000000 8.230000 8.230000
1453.727862250000044 0.140000 7.586000 7.726000
1453.761115041000039 0.134000 5.220000 5.354000
1453.827382040999964 0.256000 12.146000 12.402000
1453.860529544999963 0.000000 12.640000 12.640000
1453.893664910000098 0.181000 10.054000 10.235000
1453.926885700999946 0.191000 5.601000 5.792000
1453.993181597000103 0.302000 5.038000 5.340000
1454.026432545000034 0.132000 12.788000 12.920000
1454.059598701999903 0.130000 9.788000 9.918000
1454.092742597000097 0.134000 8.105000 8.239000
1454.125910701000066 0.157000 6.339000 6.496000
1454.159065649000013 0.132000 6.228000 6.360000
1454.192301754000027 0.132000 8.936000 9.068000
1454.225320531000079 0.133000 9.531000 9.664000
1454.258587478999971 0.000000 9.537000 9.537000
1454.291666427000109 0.169000 13.864000 14.033000
1454.324879323000005 0.186000 15.585000 15.771000
1454.391184375999956 0.322000 15.416000 15.738000
1454.424400323000100 0.000000 10.843000 10.843000
1454.457580427000039 0.138000 5.153000 5.291000
1454.490782375999970 0.000000 10.687000 10.687000
1454.557049374999906 0.385000 14.903000 15.288000
1454.623396375000084 0.131000 14.168000 14.299000
1454.656568323000101 0.138000 20.183000 20.321000
1454.722924375000048 0.274000 16.511000 16.785000
1454.756087322999974 0.000000 12.826000 12.826000
1454.789260532000071 0.134000 11.957000 12.091000
1454.822433374999946 0.159000 10.901000 11.060000
1454.888859375000038 0.158000 22.287000 22.445000
1454.922055427000032 0.158000 12.172000 12.330000
1454.988396260999934 0.134000 19.909000 20.043000
1455.021475155999951 0.167000 17.291000 17.458000
1455.054688531000011 0.146000 10.956000 11.102000
1455.120991271000094 0.405000 10.284000 10.689000
1455.154171322999900 0.189000 14.313000 14.502000
1455.187345427000082 0.000000 10.878000 10.878000
1455.220516426999893 0.000000 11.535000 11.535000
1455.253690427000038 0.164000 9.021000 9.185000
1455.353203781000047 0.423000 15.228000 15.651000
1455.386377041000060 0.000000 17.821000 17.821000
1455.419547635000072 0.137000 23.660000 23.797000
1455.452766948000090 0.159000 12.602000 12.761000
1455.519067322999945 0.266000 11.346000 11.612000
1455.552240375000110 0.126000 12.037000 12.163000
1455.585454583000001 0.134000 16.665000 16.799000
1455.618586323000045 0.000000 16.957000 16.957000
1455.651838636000093 0.150000 12.625000 12.775000
1455.685018480000053 0.145000 14.755000 14.900000
1455.751224193000098 0.275000 15.649000 15.924000
1455.784444192999899 0.135000 14.692000 14.827000
1455.817570192999938 0.145000 15.462000 15.607000
1455.850789193000082 0.184000 9.554000 9.738000
1455.883917349000058 0.177000 11.100000 11.277000
1455.917090192999922 0.135000 5.356000 5.491000
1455.950348193000082 0.137000 8.031000 8.168000
1455.983435349000047 0.122000 6.334000 6.456000
1456.016649506000022 0.124000 5.765000 5.889000
1456.049821298000097 0.119000 11.177000 11.296000
1456.082995192999988 0.202000 20.197000 20.399000
1456.116127141000106 0.193000 14.239000 14.432000
1456.149299141000029 0.154000 16.042000 16.196000
1456.182513192999977 0.142000 12.676000 12.818000
1456.215686141000106 0.130000 11.915000 12.045000
1456.248871950999956 0.186000 13.053000 13.239000
1456.282045951000100 0.188000 14.664000 14.852000
1456.315219952000007 0.154000 9.071000 9.225000
1456.348435055999971 0.131000 9.335000 9.466000
1456.381609002999994 0.172000 12.345000 12.517000
1456.414737003000027 0.156000 11.973000 12.129000
1456.447950899000034 0.126000 10.259000 10.385000
1456.481085952000058 0.168000 15.581000 15.749000
1456.514255899000091 0.130000 12.103000 12.233000
1456.547429899000008 0.138000 13.966000 14.104000
1456.580720825000071 0.130000 12.159000 12.289000
1456.613851459999978 0.129000 13.486000 13.615000
1456.647023720000107 0.123000 12.822000 12.945000
1456.680196408000029 0.131000 14.511000 14.642000
1456.713369355999930 0.138000 11.104000 11.242000
1456.746583511999916 0.130000 9.649000 9.779000
1456.779715876999944 0.125000 4.714000 4.839000
1456.812889720999920 0.127000 13.076000 13.203000
1456.846151721000069 0.159000 19.034000 19.193000
1456.879330563999929 0.137000 17.774000 17.911000
1456.912428959999943 0.000000 13.283000 13.283000
1456.945599804000040 0.377000 14.512000 14.889000
1456.978689648000000 0.204000 18.929000 19.133000
1457.045056647999900 0.272000 16.646000 16.918000
1457.078316595999922 0.133000 14.991000 15.124000
1457.111471700000038 0.000000 12.683000 12.683000
1457.144584804000033 0.161000 11.438000 11.599000
1457.177728699999989 0.185000 14.407000 14.592000
1457.244155648000060 0.302000 8.885000 9.187000
1457.277248648000068 0.134000 11.251000 11.385000
1457.310421700000006 0.125000 8.225000 8.350000
1457.343593699999929 0.133000 6.411000 6.544000
1457.376858648000052 0.000000 4.587000 4.587000
1457.409939855999937 0.166000 9.331000 9.497000
1457.443212751999909 0.129000 3.553000 3.682000
1457.509458596000059 0.332000 5.875000 6.207000
1457.542704596000021 0.178000 6.313000 6.491000
1457.575878648000071 0.164000 2.163000 2.327000
1457.608976596000048 0.127000 2.171000 2.298000
1457.642234648000112 0.139000 4.781000 4.920000
1457.675323647999903 0.122000 5.913000 6.035000
1457.708563909000077 0.128000 2.422000 2.550000
1457.741673751999997 0.127000 1.808000 1.935000
1457.774843855999961 0.123000 4.532000 4.655000
1457.808017595999900 0.121000 7.073000 7.194000
1457.841246492999971 0.165000 3.687000 3.852000
1457.874514493000106 0.123000 2.325000 2.448000
1457.907591545000059 0.000000 5.082000 5.082000
1457.940809702000024 0.131000 7.263000 7.394000
1457.973938596999915 0.140000 3.591000 3.731000
1458.040381168000067 0.263000 5.650000 5.913000
1458.073507168000106 0.145000 6.201000 6.346000
1458.106679219999933 0.123000 5.995000 6.118000
1458.139895635999892 0.136000 6.811000 6.947000
1458.173025220000000 0.135000 2.898000 3.033000
1458.206257649999998 0.130000 2.346000 2.476000
1458.239471805999983 0.138000 4.804000 4.942000
1458.272676701999899 0.128000 7.811000 7.939000
1458.305775701999892 0.150000 1.964000 2.114000
1458.338965587000075 0.120000 4.863000 4.983000
1458.372321972000009 0.000000 6.639000 6.639000
1458.405365596999900 0.158000 2.393000 2.551000
1458.438540272999944 0.141000 2.552000 2.693000
1458.504957086000104 0.133000 6.629000 6.762000
1458.538149034000071 0.147000 13.869000 14.016000
1458.604628894999905 0.290000 21.016000 21.306000
1458.637657947999969 0.153000 12.983000 13.136000
1458.670839051000030 0.151000 4.628000 4.779000
1458.704044102999887 0.000000 6.186000 6.186000
1458.737213000000111 0.165000 8.682000 8.847000
1458.770429026000102 0.000000 3.835000 3.835000
1458.836774973000047 0.143000 7.153000 7.296000
1458.903197973000033 0.143000 10.350000 10.493000
1458.969506026000090 0.147000 5.864000 6.011000
1459.068986024999958 0.447000 12.532000 12.979000
1459.102243322000049 0.165000 9.093000 9.258000
1459.135465424999893 0.000000 7.403000 7.403000
1459.168631216999984 0.160000 6.797000 6.957000
1459.201763217000007 0.145000 2.092000 2.237000
1459.268108269000095 0.278000 6.199000 6.477000
1459.301427329000035 0.140000 9.963000 10.103000
1459.334514276999926 0.137000 3.929000 4.066000
1459.367728486000033 0.143000 5.582000 5.725000
1459.400900484999966 0.143000 5.657000 5.800000
1459.434073380999962 0.139000 3.579000 3.718000
1459.467361601999983 0.127000 3.072000 3.199000
1459.500428445999887 0.000000 5.740000 5.740000
1459.533683394000036 0.139000 10.525000 10.664000
1459.566775393999933 0.135000 4.809000 4.944000
1459.633121289999963 0.132000 3.050000 3.182000
1459.666293602999986 0.132000 6.702000 6.834000
1459.699467601999913 0.139000 5.132000 5.271000
1459.765813393999906 0.135000 8.189000 8.324000
1459.798986551000098 0.135000 7.438000 7.573000
1459.832158551000020 0.205000 2.539000 2.744000
1459.898506061000035 0.344000 5.631000 5.975000
1459.931678602999909 0.149000 13.574000 13.723000
1459.964930498000058 0.000000 12.052000 12.052000
1459.998024601999987 0.178000 14.735000 14.913000
1460.031285393999951 0.000000 8.644000 8.644000
1460.097542446000034 0.282000 6.157000 6.439000
1460.163889445999985 0.272000 13.048000 13.320000
1460.197102653999991 0.141000 10.029000 10.170000
1460.230275603000109 0.160000 8.004000 8.164000
1460.263453497999990 0.139000 5.875000 6.014000
1460.296652497999958 0.000000 7.818000 7.818000
1460.329795498000067 0.172000 9.274000 9.446000
1460.362967549999894 0.156000 13.236000 13.392000
1460.429368341000099 0.163000 13.717000 13.880000
1460.462446497999963 0.178000 10.613000 10.791000
1460.528836394000109 0.288000 6.994000 7.282000
1460.561966393999910 0.140000 11.256000 11.396000
1460.595157393999898 0.143000 12.753000 12.896000
1460.628311445999998 0.141000 12.739000 12.880000
1460.661484393999899 0.137000 11.447000 11.584000
1460.694657393999933 0.140000 11.677000 11.817000
1460.727829445999987 0.000000 10.011000 10.011000
1460.761005582000053 0.142000 11.453000 11.595000
1460.794251446000089 0.137000 12.789000 12.926000
1460.860523445999888 0.274000 14.720000 14.994000
1460.893695393999906 0.161000 14.672000 14.833000
1460.926866446000076 0.181000 20.216000 20.397000
1460.960041393999973 0.140000 11.470000 11.610000
1460.993288394000047 0.137000 17.932000 18.069000
1461.026387445999944 0.133000 16.067000 16.200000
1461.059571653999910 0.142000 16.506000 16.648000
1461.092732499000022 0.141000 11.491000 11.632000
1461.125906342000007 0.142000 12.749000 12.891000
1461.159119499000099 0.124000 9.253000 9.377000
1461.192253445999995 0.130000 11.622000 11.752000
1461.225465497999949 0.130000 9.942000 10.072000
1461.258640393999940 0.142000 15.186000 15.328000
1461.291773529000011 0.138000 13.205000 13.343000
1461.324987311000086 0.187000 15.946000 16.133000
1461.358162529000083 0.168000 11.808000 11.976000
1461.391331123000100 0.155000 20.885000 21.040000
1461.424465393999981 0.210000 15.159000 15.369000
1461.457635393999908 0.177000 7.783000 7.960000
1461.490811394000048 0.147000 10.042000 10.189000
1461.523981393999975 0.147000 9.647000 9.794000
1461.557195445999923 0.150000 9.361000 9.511000
1461.590328342000021 0.195000 16.287000 16.482000
1461.623541497999895 0.186000 13.025000 13.211000
1461.656713394000008 0.167000 15.471000 15.638000
1461.689846446000047 0.169000 18.389000 18.558000
1461.723060393999958 0.195000 11.805000 12.000000
1461.756235445999891 0.150000 14.792000 14.942000
1461.789367394000010 0.157000 11.938000 12.095000
1461.822578393999947 0.225000 9.789000 10.014000
1461.855711445999987 0.185000 14.374000 14.559000
1461.888833790000035 0.154000 17.262000 17.416000
1461.922005842000090 0.165000 12.737000 12.902000
1461.955179790000102 0.153000 15.386000 15.539000
1461.988352997999982 0.150000 17.972000 18.122000
1462.021524946999989 0.152000 12.395000 12.547000
1462.054637601999957 0.167000 16.424000 16.591000
1462.087808653999900 0.151000 19.254000 19.405000
1462.120983446000082 0.179000 19.660000 19.839000
1462.154153446000009 0.181000 20.102000 20.283000
1462.187400392999962 0.154000 7.367000 7.521000
1462.220579185999895 0.151000 16.645000 16.796000
1462.253674184999909 0.143000 11.502000 11.645000
1462.286911591000035 0.137000 14.805000 14.942000
1462.320023425000045 0.185000 15.771000 15.956000
1462.353196446000084 0.148000 5.178000 5.326000
1462.386410740999963 0.142000 11.181000 11.323000
1462.419479209999963 0.142000 16.621000 16.763000
1462.452736834000007 0.152000 13.382000 13.534000
1462.485870314000067 0.147000 14.186000 14.333000
1462.519037740999920 0.000000 12.750000 12.750000
1462.552172251999991 0.148000 8.422000 8.570000
1462.585344845999998 0.173000 11.950000 12.123000
1462.651690302999896 0.492000 8.934000 9.426000
1462.684868147000088 0.234000 22.217000 22.451000
1462.718035991000079 0.239000 14.636000 14.875000
1462.751125385000023 0.219000 8.489000 8.708000
1462.784373125000002 0.236000 12.462000 12.698000
1462.817473125000106 0.275000 8.864000 9.139000
1462.850646082999901 0.278000 6.269000 6.547000
1462.883816656999898 0.205000 13.699000 13.904000
1462.916929173999961 0.000000 12.906000 12.906000
1462.950102589999915 0.000000 7.836000 7.836000
1462.983273133000012 0.215000 16.245000 16.460000
1463.082794236999916 0.870000 14.709000 15.579000
1463.115965340999992 0.000000 15.544000 15.544000
1463.149241341000106 0.204000 12.907000 13.111000
1463.182357173999890 0.158000 7.950000 8.108000
1463.248700216000088 0.142000 6.388000 6.530000
1463.281876924000017 0.139000 13.761000 13.900000
1463.315047924000055 0.190000 8.393000 8.583000
1463.381348820000085 0.261000 6.141000 6.402000
1463.414546872000074 0.000000 11.423000 11.423000
1463.447695976999967 0.196000 9.384000 9.580000
1463.480909871999984 0.180000 5.526000 5.706000
1463.547292977000097 0.139000 7.124000 7.263000
1463.580469027999925 0.141000 4.983000 5.124000
1463.646777289000056 0.148000 10.143000 10.291000
1463.679949871999952 0.199000 2.525000 2.724000
1463.746332872000039 0.339000 5.335000 5.674000
1463.779424924000068 0.162000 7.156000 7.318000
1463.812539476999973 0.141000 2.018000 2.159000
1463.845710685000086 0.138000 4.783000 4.921000
1463.878930320000109 0.140000 9.844000 9.984000
1463.912058424999941 0.000000 13.719000 13.719000
1463.945229475999895 0.215000 11.152000 11.367000
1463.978401528999939 0.177000 7.417000 7.594000
1464.044831372000090 0.157000 7.193000 7.350000
1464.077921476000029 0.172000 10.711000 10.883000
1464.111095424000041 0.203000 7.094000 7.297000
1464.177577475999897 0.288000 7.526000 7.814000
1464.210621059000005 0.181000 13.076000 13.257000
1464.243718047999891 0.170000 9.384000 9.554000
1464.276968037999950 0.000000 8.585000 8.585000
1464.310062163000111 0.214000 5.706000 5.920000
1464.343236110999896 0.137000 2.702000 2.839000
1464.409659240000110 0.258000 5.453000 5.711000
1464.442772136000031 0.161000 6.161000 6.322000
1464.475877136000008 0.000000 4.855000 4.855000
1464.509050187999947 0.157000 8.629000 8.786000
1464.542223552999985 0.144000 6.656000 6.800000
1464.608612135999920 0.141000 6.301000 6.442000
1464.641876240000101 0.123000 5.721000 5.844000
1464.708157291999896 0.000000 9.635000 9.635000
1464.741261605000091 0.194000 10.474000 10.668000
1464.840828124999916 0.272000 7.459000 7.731000
1464.907127553000009 0.161000 11.858000 12.019000
1464.940308397000081 0.161000 6.203000 6.364000
1464.973475189000055 0.133000 12.890000 13.023000
1465.039896240999951 0.193000 10.930000 11.123000
1465.073076657000001 0.177000 5.939000 6.116000
1465.139338136000106 0.144000 7.165000 7.309000
1465.172511135999912 0.146000 6.622000 6.768000
1465.238858178000100 0.137000 7.435000 7.572000
1465.272030240000049 0.000000 4.932000 4.932000
1465.338445136000018 0.300000 6.937000 7.237000
1465.404825090000031 0.000000 9.779000 9.779000
1465.437997039000038 0.150000 7.515000 7.665000
1465.537478142000055 0.283000 12.349000 12.632000
1465.570650298999908 0.146000 5.975000 6.121000
1465.637142933999939 0.129000 8.877000 9.006000
1465.670271281999931 0.163000 7.643000 7.806000
1465.736578281999982 0.142000 9.177000 9.319000
1465.769790282000031 0.150000 5.600000 5.750000
1465.802923491000001 0.148000 5.899000 6.047000
1465.869268229999989 0.249000 5.500000 5.749000
1465.902491796000049 0.137000 4.428000 4.565000
1465.935664378999945 0.000000 2.277000 2.277000
1465.968837327000074 0.126000 1.856000 1.982000
1466.002051483000059 0.135000 4.482000 4.617000
1466.068483431999994 0.371000 9.710000 10.081000
1466.101529379000112 0.169000 5.289000 5.458000
1466.134786327000029 0.163000 6.115000 6.278000
1466.167917483000110 0.000000 9.137000 9.137000
1466.201129431000027 0.175000 7.182000 7.357000
1466.234221379000019 0.209000 4.143000 4.352000
1466.300566379999964 0.285000 4.914000 5.199000
1466.333739379000008 0.132000 8.094000 8.226000
1466.366912534999983 0.000000 6.296000 6.296000
1466.400085326999942 0.139000 8.210000 8.349000
1466.433258431000013 0.155000 3.599000 3.754000
1466.499604378999948 0.280000 4.345000 4.625000
1466.532778326999960 0.138000 10.116000 10.254000
1466.566019482999991 0.200000 3.062000 3.262000
1466.599165327000037 0.196000 2.141000 2.337000
1466.632338378999975 0.135000 4.267000 4.402000
1466.665469326999983 0.142000 5.983000 6.125000
1466.698648378999906 0.126000 2.147000 2.273000
1466.731815378999954 0.126000 4.467000 4.593000
1466.764988378999988 0.192000 7.978000 8.170000
1466.798202483000068 0.158000 4.037000 4.195000
1466.831335587000012 0.176000 3.786000 3.962000
1466.864508274999935 0.188000 8.785000 8.973000
1466.897681795999915 0.162000 7.523000 7.685000
1466.930957535000061 0.156000 2.456000 2.612000
1466.964029379000067 0.157000 3.844000 4.001000
1466.997392358000070 0.144000 6.376000 6.520000
1467.030436201999919 0.130000 6.597000 6.727000
1467.063609826999937 0.155000 8.258000 8.413000
1467.096895306000079 0.137000 5.529000 5.666000
1467.129952409999987 0.157000 6.067000 6.224000
1467.163173482000047 0.000000 2.082000 2.082000
1467.196348533999981 0.133000 2.242000 2.375000
1467.229520272999935 0.135000 4.031000 4.166000
1467.295866325999896 0.134000 12.322000 12.456000
1467.329038480999998 0.159000 6.578000 6.737000
1467.395438319000050 0.285000 5.235000 5.520000
1467.428610288000073 0.000000 6.272000 6.272000
1467.461805963999950 0.146000 6.538000 6.684000
1467.494954975999917 0.000000 4.211000 4.211000
1467.561396235000075 0.287000 4.119000 4.406000
1467.627646922999929 0.262000 9.963000 10.225000
1467.660821871000053 0.140000 9.898000 10.038000
1467.693994549000081 0.127000 6.155000 6.282000
1467.727282131000038 0.125000 7.128000 7.253000
1467.760474079999995 0.128000 3.950000 4.078000
1467.793570591999924 0.135000 2.110000 2.245000
1467.826782747999914 0.128000 4.047000 4.175000
1467.859914905000096 0.122000 5.864000 5.986000
1467.893173643999944 0.118000 3.318000 3.436000
1467.926262592000057 0.122000 6.226000 6.348000
1467.959456591999924 0.131000 5.602000 5.733000
1467.992609592000008 0.123000 1.758000 1.881000
1468.025784748999968 0.147000 3.191000 3.338000
1468.059066905000009 0.119000 6.904000 7.023000
1468.092176696000024 0.000000 3.336000 3.336000
1468.125350036000100 0.193000 2.278000 2.471000
1468.158522401000027 0.175000 3.638000 3.813000
1468.224994244000072 0.124000 11.650000 11.774000
1468.258040244000085 0.159000 9.181000 9.340000
1468.291214088000061 0.000000 5.850000 5.850000
1468.357614322000018 0.294000 6.272000 6.566000
1468.424264372999914 0.273000 5.787000 6.060000
1468.457171061000054 0.000000 8.738000 8.738000
1468.490302113000098 0.188000 3.758000 3.946000
1468.523506061000035 0.207000 7.136000 7.343000
1468.589905988000055 0.152000 8.387000 8.539000
1468.622994164999909 0.156000 1.956000 2.112000
1468.689382268999907 0.132000 4.257000 4.389000
1468.722513165999999 0.158000 5.710000 5.868000
1468.755687217000059 0.156000 2.452000 2.608000
1468.822034112999972 0.293000 2.537000 2.830000
1468.855286113999910 0.000000 4.317000 4.317000
1468.888382322000098 0.132000 5.270000 5.402000
1468.921551164999983 0.000000 2.409000 2.409000
1468.987899061000007 0.323000 3.229000 3.552000
1469.054244270000027 0.279000 5.348000 5.627000
1469.087418612999954 0.140000 2.824000 2.964000
1469.120721238999977 0.125000 3.658000 3.783000
1469.153762425999957 0.162000 2.208000 2.370000
1469.186939353000071 0.118000 2.084000 2.202000
1469.220112112999914 0.120000 2.050000 2.170000
1469.253288269999985 0.127000 2.011000 2.138000
1469.286537165000027 0.121000 4.213000 4.334000
1469.319628165000040 0.127000 4.041000 4.168000
1469.352801112999941 0.146000 5.665000 5.811000
1469.385974217000012 0.128000 4.203000 4.331000
1469.419189060999997 0.132000 2.842000 2.974000
1469.452360061000036 0.126000 4.309000 4.435000
1469.485533217000011 0.127000 3.386000 3.513000
1469.518666114000098 0.119000 2.637000 2.756000
1469.551838114000020 0.120000 2.232000 2.352000
1469.585012112999948 0.124000 2.016000 2.140000
1469.618185112999981 0.129000 1.946000 2.075000
1469.651357166000025 0.123000 4.213000 4.336000
1469.684531060999916 0.122000 6.001000 6.123000
1469.717711216999987 0.121000 6.678000 6.799000
1469.750877165000020 0.122000 5.308000 5.430000
1469.784050270000080 0.351000 5.961000 6.312000
1469.817227571000103 0.120000 4.503000 4.623000
1469.850483571000041 0.148000 5.851000 5.999000
1469.883569373999990 0.134000 2.928000 3.062000
1469.916742113000055 0.126000 5.883000 6.009000
1469.949997165000013 0.207000 4.297000 4.504000
1469.983088738000106 0.162000 3.864000 4.026000
1470.016261321999991 0.156000 5.051000 5.207000
1470.049433060999945 0.129000 7.535000 7.664000
1470.082606165000016 0.000000 8.424000 8.424000
1470.115826112999912 0.159000 10.753000 10.912000
1470.148952268999892 0.147000 4.811000 4.958000
1470.215419269999984 0.187000 5.829000 6.016000
1470.248472112999934 0.223000 16.085000 16.308000
1470.314819113000112 0.174000 15.083000 15.257000
1470.348077164999950 0.162000 7.927000 8.089000
1470.414383112999985 0.263000 15.893000 16.156000
1470.447542113000054 0.126000 18.943000 19.069000
1470.480682060999925 0.177000 12.451000 12.628000
1470.513855060999958 0.153000 15.406000 15.559000
1470.547029061000103 0.164000 6.886000 7.050000
1470.580202164999946 0.132000 7.943000 8.075000
1470.613375571000006 0.156000 7.007000 7.163000
1470.646548425999981 0.128000 9.272000 9.400000
1470.679721320999988 0.136000 21.820000 21.956000
1470.712893113000064 0.224000 14.768000 14.992000
1470.746066165000002 0.179000 25.111000 25.290000
1470.779240164999919 0.143000 16.918000 17.061000
1470.812412061000032 0.179000 18.520000 18.699000
1470.845585112999970 0.145000 13.847000 13.992000
1470.878806060999977 0.147000 20.027000 20.174000
1470.911933060999900 0.215000 29.693000 29.908000
1470.945175164999910 0.173000 27.240000 27.413000
1470.978357269000071 0.180000 28.679000 28.859000
1471.011548165000022 0.166000 26.529000 26.695000
1471.044663113000070 0.192000 24.131000 24.323000
1471.077837061000082 0.182000 26.940000 27.122000
1471.111072164999996 0.171000 26.013000 26.184000
1471.144184373999906 0.167000 9.299000 9.466000
1471.177316112999961 0.145000 12.957000 13.102000
1471.210585008999942 0.183000 18.538000 18.721000
1471.243663477999917 0.255000 8.369000 8.624000
1471.276836165000077 0.193000 15.820000 16.013000
1471.310048061000089 0.206000 5.643000 5.849000
1471.343221051000000 0.203000 10.653000 10.856000
1471.376358550000077 0.191000 6.794000 6.985000
1471.409568061000073 0.153000 13.945000 14.098000
1471.442746060999980 0.161000 4.360000 4.521000
1471.475872321999987 0.163000 3.568000 3.731000
1471.509087374000046 0.157000 4.130000 4.287000
1471.542259061000095 0.149000 3.214000 3.363000
1471.575392112999907 0.145000 3.696000 3.841000
1471.608566009000015 0.137000 3.385000 3.522000
1471.641737269000032 0.131000 3.697000 3.828000
1471.674911113000007 0.181000 3.355000 3.536000
1471.708084113000041 0.176000 3.527000 3.703000
1471.741257060999942 0.188000 3.384000 3.572000
1471.774473269000055 0.150000 3.691000 3.841000
1471.807603061000009 0.151000 3.874000 4.025000
1471.840776165000079 0.000000 3.523000 3.523000
1471.873949372999959 0.139000 3.472000 3.611000
1471.907161218000056 0.196000 3.311000 3.507000
1471.973467321000044 0.351000 3.442000 3.793000
1472.006730061000098 0.134000 3.406000 3.540000
1472.039814165000053 0.000000 3.144000 3.144000
1472.072988425999938 0.166000 3.151000 3.317000
1472.106237374000102 0.146000 3.864000 4.010000
1472.172604373000013 0.200000 3.789000 3.989000
1472.205679008000061 0.163000 3.266000 3.429000
1472.272025166000049 0.474000 4.510000 4.984000
1472.305199164999976 0.233000 3.831000 4.064000
1472.338470113000085 0.165000 3.766000 3.931000
1472.371551112999896 0.179000 3.182000 3.361000
1472.404758164999976 0.145000 3.147000 3.292000
1472.437970320999966 0.194000 3.103000 3.297000
1472.471063165000032 0.154000 3.072000 3.226000
1472.504236476999949 0.159000 3.150000 3.309000
1472.537409322000030 0.144000 3.153000 3.297000
1472.570584582000038 0.141000 2.977000 3.118000
1472.603757373000008 0.000000 3.077000 3.077000
1472.636931186000083 0.140000 3.069000 3.209000
1472.670205425999939 0.139000 2.991000 3.130000
1472.736453999000105 0.137000 3.467000 3.604000
1472.769746216999920 0.140000 3.057000 3.197000
1472.835972478000031 0.275000 3.450000 3.725000
1472.869138061000058 0.141000 2.996000 3.137000
1472.902314113000102 0.000000 2.996000 2.996000
1472.935574268999972 0.144000 2.879000 3.023000
1472.968773373999966 0.130000 2.944000 3.074000
1473.035107060999962 0.283000 3.353000 3.636000
1473.068300060999945 0.138000 3.013000 3.151000
