# timestamp(s) tracking(ms) estimation(ms) total(ms)
800.332318063999992 2.103000 3.185000 5.288000
800.365530960000001 0.180000 11.073000 11.253000
800.398663272000022 0.142000 2.827000 2.969000
800.431876168000031 0.158000 2.587000 2.745000
800.465010065000001 0.155000 2.501000 2.656000
800.498182167999971 0.141000 2.542000 2.683000
800.531483375999983 0.128000 2.576000 2.704000
800.564527959999964 0.132000 2.530000 2.662000
800.597702064000032 0.132000 2.512000 2.644000
800.630947908000053 0.137000 2.525000 2.662000
800.664048168000022 0.122000 2.974000 3.096000
800.697265064000021 0.144000 2.462000 2.606000
800.730407959999980 0.117000 2.460000 2.577000
800.763627960000008 0.144000 2.542000 2.686000
800.796739959999968 0.124000 2.618000 2.742000
800.830003064000039 0.125000 2.621000 2.746000
800.863085960000035 0.121000 2.567000 2.688000
800.896360960000038 0.129000 2.717000 2.846000
800.929436323999994 0.131000 2.543000 2.674000
800.962604908000003 0.135000 3.152000 3.287000
800.995777960000055 0.185000 2.670000 2.855000
801.028961064999976 0.178000 2.428000 2.606000
801.062215012000024 0.144000 2.454000 2.598000
801.095299960000034 0.126000 2.688000 2.814000
801.128469959999961 0.128000 2.579000 2.707000
801.161642959999995 0.124000 2.382000 2.506000
801.194815960000028 0.122000 2.452000 2.574000
801.228083011999956 0.141000 2.583000 2.724000
801.261163959999976 0.129000 2.491000 2.620000
801.294423012000038 0.217000 2.491000 2.708000
801.327510011999948 0.136000 2.424000 2.560000
801.360681959999965 0.133000 2.485000 2.618000
801.393946064000033 0.131000 2.441000 2.572000
801.427031960000022 0.127000 2.431000 2.558000
801.460199959999954 0.136000 2.286000 2.422000
801.493505959999993 0.140000 2.351000 2.491000
801.526624168000012 0.126000 2.411000 2.537000
801.559799376000001 0.121000 2.483000 2.604000
801.592893116000027 0.120000 2.374000 2.494000
801.626065115999950 0.117000 2.217000 2.334000
801.659313636999968 0.119000 2.342000 2.461000
801.692410324999969 0.124000 2.257000 2.381000
801.725629959999992 0.124000 2.272000 2.396000
801.758756012000049 0.155000 2.286000 2.441000
801.791968959999963 0.119000 2.715000 2.834000
801.825148481000042 0.137000 2.923000 3.060000
801.858276012000033 0.159000 2.270000 2.429000
801.891450375999966 0.120000 2.448000 2.568000
801.924621168000044 0.119000 2.338000 2.457000
801.957794960000001 0.124000 2.235000 2.359000
801.991008064999960 0.118000 2.248000 2.366000
802.024140011999975 0.115000 2.240000 2.355000
802.057317907999959 0.121000 2.389000 2.510000
802.090522011999951 0.124000 2.280000 2.404000
802.123662960000047 0.118000 2.283000 2.401000
802.156832272999964 0.140000 2.244000 2.384000
802.190045960000020 0.132000 2.256000 2.388000
802.223179272000039 0.117000 2.328000 2.445000
802.256351959999961 0.143000 2.328000 2.471000
802.289523959999997 0.120000 2.196000 2.316000
802.322698012000046 0.118000 2.313000 2.431000
802.355912533000037 0.126000 3.509000 3.635000
802.389044012999989 0.187000 2.377000 2.564000
802.422284011999977 0.166000 2.327000 2.493000
802.455416959999980 0.128000 2.248000 2.376000
802.488587273000007 0.124000 2.313000 2.437000
802.521806221000020 0.112000 2.248000 2.360000
802.554907908000018 0.128000 2.278000 2.406000
802.588121011999988 0.119000 2.299000 2.418000
802.621254907999969 0.120000 2.237000 2.357000
802.654498011999976 0.117000 2.226000 2.343000
802.687686116000009 0.146000 2.259000 2.405000
802.720774219999953 0.122000 2.224000 2.346000
802.753990167999973 0.141000 2.277000 2.418000
802.787162011999953 0.141000 2.218000 2.359000
802.820292959999961 0.128000 2.354000 2.482000
802.853505064000046 0.126000 2.289000 2.415000
802.886641908000001 0.118000 2.241000 2.359000
802.919877960000008 0.119000 2.260000 2.379000
802.952983959999983 0.129000 2.335000 2.464000
802.986158012000033 0.123000 2.260000 2.383000
803.019334011999945 0.118000 2.251000 2.369000
803.052503959999967 0.122000 2.264000 2.386000
803.085677272999988 0.121000 2.258000 2.379000
803.118849063999960 0.120000 2.216000 2.336000
803.152022063999993 0.120000 2.218000 2.338000
803.185195012000008 0.120000 2.213000 2.333000
803.218367960000023 0.122000 2.305000 2.427000
803.251541011999961 0.118000 2.243000 2.361000
803.284714168000050 0.121000 2.236000 2.357000
803.317888480999954 0.122000 2.292000 2.414000
803.351061428999969 0.238000 2.229000 2.467000
803.384276116000024 0.124000 2.295000 2.419000
803.417412906999971 0.142000 2.252000 2.394000
803.450579012000048 0.121000 2.375000 2.496000
803.483823116000053 0.140000 2.703000 2.843000
803.516924959999983 0.203000 2.381000 2.584000
803.550171959999943 0.188000 2.297000 2.485000
803.583274960000040 0.124000 2.281000 2.405000
803.616444429000012 0.125000 2.309000 2.434000
803.649660064000045 0.119000 2.272000 2.391000
803.682868011999972 0.118000 2.305000 2.423000
803.715964220000046 0.124000 2.191000 2.315000
803.749135959999990 0.138000 2.453000 2.591000
803.782310063999944 0.128000 2.298000 2.426000
803.815521959999955 0.129000 2.329000 2.458000
803.848654959999976 0.122000 2.309000 2.431000
803.881827907999991 0.149000 2.273000 2.422000
803.915090011999951 0.130000 2.380000 2.510000
803.948174272999950 0.125000 2.380000 2.505000
803.981347012000015 0.124000 2.336000 2.460000
804.014561063999963 0.122000 2.294000 2.416000
804.047695376999968 0.114000 2.308000 2.422000
804.080867064000017 0.142000 2.395000 2.537000
804.114079063999952 0.119000 2.284000 2.403000
804.147212011999954 0.125000 2.510000 2.635000
804.180385959999967 0.121000 2.304000 2.425000
804.213598012000034 0.131000 2.541000 2.672000
804.246732167999994 0.129000 2.391000 2.520000
804.279905168000028 0.128000 2.374000 2.502000
804.313078219999966 0.126000 2.428000 2.554000
804.346336960000031 0.144000 2.396000 2.540000
804.379495116000044 0.128000 2.307000 2.435000
804.412641011999995 0.123000 2.337000 2.460000
804.445809013000030 0.125000 2.319000 2.444000
804.478987960000040 0.117000 2.303000 2.420000
804.512189012000022 0.123000 2.356000 2.479000
804.545359011999949 0.128000 2.260000 2.388000
804.578461855999990 0.121000 2.299000 2.420000
804.611673959999962 0.145000 2.980000 3.125000
804.644847376000030 0.151000 2.682000 2.833000
804.677985117000048 0.230000 2.788000 3.018000
804.711157011999944 0.228000 2.488000 2.716000
804.744327011999985 0.276000 2.634000 2.910000
804.777501219999976 0.201000 2.466000 2.667000
804.810671960000036 0.175000 2.368000 2.543000
804.843885064000006 0.000000 2.470000 2.470000
804.877018064000026 0.158000 2.927000 3.085000
804.910316063999971 0.000000 2.465000 2.465000
804.976613844999974 0.403000 2.681000 3.084000
805.042883585000027 0.400000 2.720000 3.120000
805.076096324999980 0.137000 2.829000 2.966000
805.109274220999964 0.147000 2.552000 2.699000
805.142402220999998 0.181000 2.556000 2.737000
805.175619585000049 0.232000 2.430000 2.662000
805.208749845000057 0.224000 2.616000 2.840000
805.242050325000037 0.181000 2.480000 2.661000
805.275094325000055 0.180000 2.435000 2.615000
805.308267584999953 0.169000 2.444000 2.613000
805.341440960000000 0.189000 2.383000 2.572000
805.374613960000033 0.164000 2.338000 2.502000
805.407787063999990 0.192000 2.526000 2.718000
805.441026011999952 0.157000 2.355000 2.512000
805.474171960000035 0.000000 2.340000 2.340000
805.507308011999953 0.193000 2.371000 2.564000
805.540524011999992 0.138000 2.330000 2.468000
805.606825480999987 0.155000 2.774000 2.929000
805.640067167999973 0.170000 2.444000 2.614000
805.706349220999982 0.339000 2.953000 3.292000
805.739676096000039 0.163000 2.468000 2.631000
805.772693323999988 0.152000 2.480000 2.632000
805.805909272000008 0.140000 2.659000 2.799000
805.839035115999991 0.160000 2.422000 2.582000
805.872303355999975 0.144000 2.313000 2.457000
805.905383012000016 0.134000 2.440000 2.574000
805.938584429000002 0.123000 2.332000 2.455000
805.971728533000032 0.117000 2.383000 2.500000
806.004901012000005 0.118000 2.295000 2.413000
806.038114480999980 0.113000 2.348000 2.461000
806.071247169000003 0.122000 2.332000 2.454000
806.104490063999947 0.114000 2.384000 2.498000
806.137667115999989 0.124000 2.418000 2.542000
806.170806323999955 0.112000 2.293000 2.405000
806.203943011999968 0.116000 2.542000 2.658000
806.237111012000014 0.126000 2.606000 2.732000
806.270284063999952 0.151000 2.347000 2.498000
806.303458220000039 0.138000 2.439000 2.577000
806.336631219999958 0.118000 2.349000 2.467000
806.369805251999992 0.000000 2.262000 2.262000
806.402975960000049 0.118000 2.398000 2.516000
806.436195043999987 0.118000 2.447000 2.565000
806.502578221000022 0.116000 2.584000 2.700000
806.535734168999966 0.000000 2.454000 2.454000
806.602094063999971 0.257000 2.713000 2.970000
806.668403480000052 0.240000 2.828000 3.068000
806.701574167999979 0.131000 2.478000 2.609000
806.734707115999981 0.125000 2.510000 2.635000
806.767879064999988 0.140000 2.838000 2.978000
806.801094064000040 0.127000 2.488000 2.615000
806.834224855999992 0.144000 2.471000 2.615000
806.867439063999996 0.123000 2.499000 2.622000
806.900615012999992 0.124000 3.161000 3.285000
806.933744960000013 0.128000 2.473000 2.601000
806.966917063999972 0.129000 2.606000 2.735000
807.000090116000024 0.130000 2.490000 2.620000
807.033394960000010 0.120000 2.491000 2.611000
807.066565960000048 0.115000 2.625000 2.740000
807.099610011999971 0.125000 2.560000 2.685000
807.132783064000023 0.128000 2.587000 2.715000
807.166027116000009 0.186000 2.679000 2.865000
807.199129221000021 0.129000 2.462000 2.591000
807.232385169000054 0.129000 2.570000 2.699000
807.265475064000043 0.124000 2.588000 2.712000
807.298646960000042 0.125000 2.570000 2.695000
807.331819959999962 0.134000 2.416000 2.550000
807.364993012000014 0.194000 5.510000 5.704000
807.398205011999949 0.130000 10.382000 10.512000
807.431379220000053 0.134000 13.865000 13.999000
807.464551959999994 0.211000 12.539000 12.750000
807.497685064000052 0.202000 11.851000 12.053000
807.530857960000048 0.149000 13.012000 13.161000
807.564071117000026 0.141000 21.546000 21.687000
807.597247960000004 0.171000 17.640000 17.811000
807.630376908000017 0.152000 18.872000 19.024000
807.663597063999987 0.158000 18.189000 18.347000
807.696798735000016 0.144000 16.775000 16.919000
807.729970735000052 0.146000 20.737000 20.883000
807.763144839999995 0.151000 17.790000 17.941000
807.796317682999984 0.205000 11.392000 11.597000
807.829490630999999 0.181000 11.921000 12.102000
807.862864589999958 0.162000 10.451000 10.613000
807.895967590000055 0.194000 9.222000 9.416000
807.929224746000045 0.000000 3.745000 3.745000
807.962311643000021 0.148000 4.617000 4.765000
807.995443693999960 0.156000 5.383000 5.539000
808.061880588000008 0.272000 6.316000 6.588000
808.095130743000027 0.128000 5.993000 6.121000
808.128301587000010 0.135000 3.395000 3.530000
808.161523795999983 0.000000 2.224000 2.224000
808.194666159999997 0.174000 2.184000 2.358000
808.227833209999972 0.161000 4.230000 4.391000
808.294313898000041 0.282000 3.170000 3.452000
808.327459263000037 0.141000 2.278000 2.419000
808.360625845999948 0.130000 2.209000 2.339000
808.393695741999977 0.127000 2.137000 2.264000
808.427050086999998 0.145000 4.343000 4.488000
808.460236931000054 0.138000 5.622000 5.760000
808.493423879000034 0.137000 5.596000 5.733000
808.526600982999980 0.134000 3.225000 3.359000
808.559793930999945 0.171000 3.777000 3.948000
808.593033575000049 0.199000 6.345000 6.544000
808.626106627000013 0.201000 2.670000 2.871000
808.659285470999976 0.156000 5.079000 5.235000
808.692453356999977 0.178000 2.648000 2.826000
808.725625732000026 0.146000 5.133000 5.279000
808.758958427000039 0.205000 6.175000 6.380000
808.792054104000044 0.189000 5.368000 5.557000
808.825236667000013 0.153000 6.168000 6.321000
808.858402770999987 0.145000 2.581000 2.726000
808.891573719000007 0.143000 4.912000 5.055000
808.924807226999974 0.141000 5.573000 5.714000
808.957980644000031 0.148000 5.487000 5.635000
808.991153955999948 0.137000 2.465000 2.602000
809.024326642999995 0.140000 2.535000 2.675000
809.057541747999949 0.142000 2.375000 2.517000
809.090675476999991 0.136000 3.197000 3.333000
809.123847060000003 0.131000 3.276000 3.407000
809.157019643000012 0.152000 2.547000 2.699000
809.190264841000044 0.166000 2.290000 2.456000
809.223364435999997 0.151000 4.744000 4.895000
809.256538591999970 0.197000 3.477000 3.674000
809.289711331000035 0.146000 3.156000 3.302000
809.322884227000031 0.130000 2.430000 2.560000
809.356061008999973 0.133000 2.324000 2.457000
809.389241008999988 0.152000 2.292000 2.444000
809.422403372999952 0.151000 2.302000 2.453000
809.455576955999959 0.000000 2.053000 2.053000
809.488750113000037 0.145000 4.762000 4.907000
809.521924622000029 0.221000 4.539000 4.760000
809.588308643999994 0.180000 2.887000 3.067000
809.621446383000034 0.172000 2.127000 2.299000
809.654685278999978 0.141000 2.108000 2.249000
809.721033540000008 0.399000 4.845000 5.244000
809.754134280000017 0.146000 3.035000 3.181000
809.787373279000008 0.144000 2.597000 2.741000
809.820477383000025 0.148000 2.708000 2.856000
809.853651383000056 0.200000 2.520000 2.720000
809.886826371999973 0.174000 2.195000 2.369000
809.919997956999964 0.152000 2.020000 2.172000
809.953171487999953 0.000000 2.036000 2.036000
809.986343382999962 0.144000 2.259000 2.403000
810.019518790000006 0.000000 2.216000 2.216000
810.085903540000004 0.262000 5.049000 5.311000
810.152209278999976 0.257000 6.194000 6.451000
810.185382226999991 0.138000 6.322000 6.460000
810.218554279000045 0.000000 8.701000 8.701000
810.251728278999963 0.201000 8.340000 8.541000
810.284982435999950 0.164000 6.933000 7.097000
810.351265383000054 0.368000 4.464000 4.832000
810.384462226999972 0.143000 5.712000 5.855000
810.417660701000045 0.142000 2.425000 2.567000
810.450831700999970 0.145000 4.690000 4.835000
810.484082753000052 0.000000 4.548000 4.548000
810.517245648999960 0.138000 4.636000 4.774000
810.550395597000033 0.153000 4.954000 5.107000
810.616799132999972 0.287000 5.276000 5.563000
810.650009236999949 0.141000 4.663000 4.804000
810.683181184999967 0.000000 4.735000 4.735000
810.716354893000016 0.140000 5.400000 5.540000
810.749458602000004 0.132000 4.586000 4.718000
810.815799133000041 0.270000 3.115000 3.385000
810.848981236999975 0.136000 4.463000 4.599000
810.882186080999986 0.127000 2.514000 2.641000
810.915317185000049 0.136000 2.365000 2.501000
810.948565079999980 0.133000 2.506000 2.639000
810.981666184999995 0.166000 2.326000 2.492000
811.014875133000032 0.160000 2.241000 2.401000
811.048009236999974 0.137000 4.683000 4.820000
811.081251186000031 0.142000 4.377000 4.519000
811.114429184999949 0.124000 3.894000 4.018000
811.147527237999952 0.133000 2.495000 2.628000
811.180700184999978 0.129000 4.737000 4.866000
811.213873132999993 0.130000 3.578000 3.708000
811.247087185000055 0.136000 5.878000 6.014000
811.280351081000049 0.128000 3.043000 3.171000
811.313392237000016 0.144000 2.887000 3.031000
811.346639236999977 0.130000 2.444000 2.574000
811.379738184999951 0.122000 2.400000 2.522000
811.412982185000033 0.136000 2.053000 2.189000
811.446084080999981 0.129000 2.026000 2.155000
811.479298184999948 0.136000 1.942000 2.078000
811.512470132999965 0.130000 4.576000 4.706000
811.545607445999963 0.130000 3.368000 3.498000
811.578777392999996 0.151000 2.675000 2.826000
811.611949810000056 0.136000 2.432000 2.568000
811.645165184999996 0.140000 2.570000 2.710000
811.678336133000016 0.133000 2.199000 2.332000
811.711469133000037 0.136000 5.526000 5.662000
811.744642236999994 0.267000 2.912000 3.179000
811.777814238000019 0.000000 2.276000 2.276000
811.810987133000026 0.169000 5.908000 6.077000
811.844201081000051 0.162000 5.441000 5.603000
811.910547133000023 0.284000 5.855000 6.139000
811.943680184999948 0.136000 8.607000 8.743000
811.976893132999976 0.130000 3.051000 3.181000
812.010026185000015 0.139000 4.833000 4.972000
812.043198133000033 0.129000 2.969000 3.098000
812.076371132999952 0.134000 2.403000 2.537000
812.109544185000004 0.000000 2.193000 2.193000
812.142802446000019 0.134000 2.465000 2.599000
812.175972497999965 0.410000 5.471000 5.881000
812.242368185000032 0.282000 6.907000 7.189000
812.275409133000039 0.136000 7.680000 7.816000
812.308582184999977 0.152000 2.549000 2.701000
812.341756132999990 0.136000 2.521000 2.657000
812.374913794999998 0.133000 2.307000 2.440000
812.408086795000031 0.130000 2.204000 2.334000
812.441259846999969 0.137000 2.152000 2.289000
812.474431794999987 0.133000 2.142000 2.275000
812.507567847000018 0.140000 1.979000 2.119000
812.540777898999977 0.129000 2.147000 2.276000
812.573910794999961 0.139000 2.078000 2.217000
812.607124419999991 0.132000 4.745000 4.877000
812.640256950999969 0.147000 4.463000 4.610000
812.673429846999966 0.139000 3.671000 3.810000
812.706642794999993 0.147000 2.284000 2.431000
812.739775847000033 0.149000 2.741000 2.890000
812.772948898999971 0.208000 2.549000 2.757000
812.806122951000020 0.193000 2.220000 2.413000
812.839294848000009 0.169000 2.104000 2.273000
812.872507795000047 0.142000 2.128000 2.270000
812.905640846999972 0.138000 4.490000 4.628000
812.938853848000008 0.146000 3.474000 3.620000
812.971986847000039 0.191000 3.015000 3.206000
813.005159950999996 0.166000 4.560000 4.726000
813.038385635000054 0.145000 5.619000 5.764000
813.071559686999990 0.140000 4.734000 4.874000
813.104732635000005 0.143000 5.862000 6.005000
813.137904948000028 0.180000 4.728000 4.908000
813.171078738999995 0.171000 4.307000 4.478000
813.204309648000049 0.134000 4.110000 4.244000
813.237479699999994 0.132000 4.671000 4.803000
813.270659752000029 0.136000 5.153000 5.289000
813.303823751999971 0.143000 6.146000 6.289000
813.336998699999981 0.155000 3.035000 3.190000
813.370173647999991 0.145000 2.510000 2.655000
813.403344596000011 0.144000 6.387000 6.531000
813.436518699999965 0.140000 4.650000 4.790000
813.469690700000001 0.136000 2.583000 2.719000
813.502865012000029 0.149000 2.511000 2.660000
813.536038013000052 0.137000 2.426000 2.563000
813.569255116000022 0.000000 2.147000 2.147000
813.602385532999961 0.130000 5.129000 5.259000
813.635559824999973 0.139000 6.408000 6.547000
813.701901855999949 0.143000 4.716000 4.859000
813.735075855999980 0.000000 2.126000 2.126000
813.801421856000047 0.266000 6.370000 6.636000
813.867769167999995 0.283000 11.726000 12.009000
813.900942063999992 0.131000 7.291000 7.422000
813.934114960999977 0.145000 5.184000 5.329000
813.967327916000045 0.138000 2.318000 2.456000
814.000406498999951 0.144000 4.991000 5.135000
814.033578446999968 0.000000 5.724000 5.724000
814.066753551000033 0.138000 2.482000 2.620000
814.099923499000056 0.140000 2.292000 2.432000
814.166290094000033 0.129000 5.326000 5.455000
814.199389093000036 0.131000 4.574000 4.705000
814.265735249000045 0.269000 6.888000 7.157000
814.298952145000044 0.138000 4.517000 4.655000
814.332080196999982 0.000000 3.890000 3.890000
814.365239585000040 0.137000 2.383000 2.520000
814.398418794000008 0.136000 2.119000 2.255000
814.464718638000022 0.129000 2.454000 2.583000
814.497963636999998 0.135000 4.387000 4.522000
814.531144584999993 0.140000 5.960000 6.100000
814.597354979999977 0.268000 3.734000 4.002000
814.630527980000011 0.129000 2.329000 2.458000
814.663700876000007 0.128000 2.221000 2.349000
814.696872927999948 0.134000 2.185000 2.319000
814.730045980000000 0.000000 2.232000 2.232000
814.763292344999968 0.131000 4.495000 4.626000
814.796528553000030 0.137000 3.526000 3.663000
814.862778875999993 0.148000 3.121000 3.269000
814.895909928000037 0.131000 2.766000 2.897000
814.962256032000028 0.268000 4.574000 4.842000
814.995428980000042 0.133000 3.338000 3.471000
815.028602189000026 0.127000 3.380000 3.507000
815.061775033000004 0.128000 3.713000 3.841000
815.094948928000008 0.127000 3.088000 3.215000
815.128120928000044 0.127000 2.821000 2.948000
815.161294876000056 0.129000 2.783000 2.912000
815.194466927999997 0.128000 2.793000 2.921000
815.227717979999966 0.129000 2.900000 3.029000
815.260813979999966 0.131000 2.802000 2.933000
815.293986032000021 0.133000 2.752000 2.885000
815.327109055000051 0.128000 2.762000 2.890000
815.360355950999974 0.133000 2.751000 2.884000
815.393524003000039 0.132000 2.910000 3.042000
815.426628107000056 0.138000 3.922000 4.060000
815.459801212000002 0.137000 3.759000 3.896000
815.492974159000028 0.139000 3.902000 4.041000
815.526189003000013 0.135000 4.301000 4.436000
815.559320003000039 0.134000 3.185000 3.319000
815.592536054999982 0.135000 3.084000 3.219000
815.625666055000011 0.127000 3.054000 3.181000
815.658881106999957 0.130000 3.583000 3.713000
815.692012106999982 0.124000 3.235000 3.359000
815.725197002999948 0.155000 2.834000 2.989000
815.758358003000012 0.133000 2.900000 3.033000
815.791532054999948 0.135000 2.875000 3.010000
815.824704002999965 0.131000 2.754000 2.885000
815.858010003000004 0.000000 2.834000 2.834000
815.891121002999967 0.138000 2.776000 2.914000
815.924271106999981 0.132000 2.811000 2.943000
815.990622210999959 0.271000 3.077000 3.348000
816.023787951000031 0.155000 2.636000 2.791000
816.056917366999983 0.124000 2.564000 2.688000
816.090089158999945 0.127000 3.055000 3.182000
816.123261159999970 0.245000 2.960000 3.205000
816.156475160000014 0.178000 2.915000 3.093000
816.189607575999958 0.133000 2.978000 3.111000
816.222827159999952 0.131000 2.686000 2.817000
816.255954316000043 0.120000 2.638000 2.758000
816.289195003000032 0.123000 2.477000 2.600000
816.322378054999945 0.121000 2.339000 2.460000
816.355472003000045 0.126000 2.335000 2.461000
816.388733054999989 0.000000 2.311000 2.311000
816.421821950999970 0.126000 2.448000 2.574000
816.455050056000005 0.123000 2.512000 2.635000
816.521337950999964 0.248000 2.735000 2.983000
816.554513158999953 0.115000 2.502000 2.617000
816.587684211999999 0.136000 2.457000 2.593000
816.620903950999946 0.135000 2.388000 2.523000
816.654030003000003 0.140000 2.428000 2.568000
816.687203316000023 0.134000 2.432000 2.566000
816.720449262999978 0.170000 2.332000 2.502000
816.753549055000008 0.140000 2.451000 2.591000
816.786800003000053 0.149000 2.358000 2.507000
816.820009055000014 0.130000 2.251000 2.381000
816.853112949999968 0.144000 2.373000 2.517000
816.886316315000045 0.124000 2.234000 2.358000
816.919416003000038 0.129000 2.312000 2.441000
816.952625159000036 0.122000 2.125000 2.247000
816.985760055000014 0.120000 2.185000 2.305000
817.019006314999956 0.119000 2.232000 2.351000
817.052106054999967 0.127000 2.234000 2.361000
817.085279002999982 0.117000 2.175000 2.292000
817.118451262999997 0.139000 2.151000 2.290000
817.151631159999965 0.122000 2.149000 2.271000
817.184837419000019 0.128000 2.464000 2.592000
817.217970160000050 0.200000 2.244000 2.444000
817.251160055000014 0.180000 2.331000 2.511000
817.284392107000031 0.130000 2.326000 2.456000
817.317489002999991 0.138000 2.127000 2.265000
817.350702003000038 0.124000 2.183000 2.307000
817.383877951000045 0.115000 2.227000 2.342000
817.417049002999988 0.128000 2.189000 2.317000
817.450248107999982 0.125000 2.237000 2.362000
817.483354056000053 0.124000 2.087000 2.211000
817.516528356999970 0.121000 2.084000 2.205000
817.549748461000036 0.124000 2.262000 2.386000
817.582874055000048 0.157000 2.162000 2.319000
817.616086264000046 0.142000 2.196000 2.338000
817.649219107000022 0.155000 2.327000 2.482000
817.682393107000053 0.153000 2.385000 2.538000
817.715566003000049 0.193000 2.213000 2.406000
817.748779159000037 0.154000 2.292000 2.446000
817.781952108000041 0.184000 2.173000 2.357000
817.815125003000048 0.136000 2.172000 2.308000
817.848257002999958 0.131000 2.151000 2.282000
817.881449002999943 0.125000 2.390000 2.515000
817.914643158999979 0.125000 2.090000 2.215000
817.947775951000040 0.118000 2.113000 2.231000
817.980990002999988 0.119000 2.425000 2.544000
818.014123003000009 0.121000 2.052000 2.173000
818.047297106999963 0.127000 2.099000 2.226000
818.080468950999943 0.114000 2.121000 2.235000
818.113641002999998 0.119000 2.115000 2.234000
818.146930107000003 0.119000 2.104000 2.223000
818.180026211000040 0.123000 2.068000 2.191000
818.213164054999993 0.124000 2.113000 2.237000
818.246424158999957 0.123000 2.153000 2.276000
818.279509366999946 0.117000 2.231000 2.348000
818.312757107000039 0.115000 2.142000 2.257000
818.345850055000028 0.113000 2.097000 2.210000
818.379157003000046 0.120000 2.355000 2.475000
818.412317159000054 0.114000 2.303000 2.417000
818.445465575999947 0.138000 2.354000 2.492000
818.478688096000042 0.132000 2.412000 2.544000
818.511720095999976 0.168000 2.357000 2.525000
818.544986315999950 0.144000 2.408000 2.552000
818.578065003000006 0.143000 2.233000 2.376000
818.611245055000040 0.131000 2.159000 2.290000
818.644416889000013 0.134000 2.219000 2.353000
818.677586722000001 0.126000 2.146000 2.272000
818.710891055000047 0.131000 2.238000 2.369000
818.743933889000004 0.120000 2.267000 2.387000
818.777105097000003 0.124000 2.248000 2.372000
818.810275263999984 0.121000 2.187000 2.308000
818.843452210999999 0.120000 2.250000 2.370000
818.876701055000012 0.119000 2.311000 2.430000
818.909923158999959 0.119000 2.331000 2.450000
818.942966210999998 0.120000 2.323000 2.443000
818.976141211000026 0.119000 2.316000 2.435000
819.009313002999988 0.121000 2.382000 2.503000
819.042564055999947 0.118000 2.316000 2.434000
819.075658264000026 0.114000 2.270000 2.384000
819.108832054999993 0.125000 2.258000 2.383000
819.142007003000003 0.115000 2.330000 2.445000
819.175177107999957 0.000000 2.330000 2.330000
819.208350159000020 0.257000 2.415000 2.672000
819.241524367000011 0.130000 2.633000 2.763000
819.276453106999952 0.125000 2.562000 2.687000
819.307868951000046 0.136000 2.446000 2.582000
819.341042055000003 0.123000 2.878000 3.001000
819.374215107000055 0.134000 2.372000 2.506000
819.407389106999972 0.126000 2.270000 2.396000
819.440561159000026 0.126000 2.312000 2.438000
819.473783107000031 0.121000 2.344000 2.465000
819.506908055000054 0.122000 2.392000 2.514000
819.540083982000056 0.112000 2.184000 2.296000
819.573255346999986 0.121000 2.372000 2.493000
819.606497054999977 0.128000 2.365000 2.493000
819.639600106999978 0.135000 2.332000 2.467000
819.672820002999970 0.123000 2.518000 2.641000
819.705945055000029 0.150000 2.274000 2.424000
819.739190002999976 0.145000 2.606000 2.751000
819.772292054999980 0.142000 2.348000 2.490000
819.805466055000011 0.135000 2.352000 2.487000
819.838638003000028 0.132000 2.421000 2.553000
819.871810628000048 0.124000 2.304000 2.428000
819.905028785000013 0.120000 2.319000 2.439000
819.938236608000011 0.135000 2.274000 2.409000
819.971341106999944 0.117000 2.322000 2.439000
820.004573003000019 0.116000 2.238000 2.354000
820.037676211999951 0.131000 2.311000 2.442000
820.070848159999969 0.117000 2.466000 2.583000
820.104096002999995 0.127000 2.384000 2.511000
820.137194160000035 0.115000 2.330000 2.445000
820.170455158999971 0.120000 2.457000 2.577000
820.203617159000032 0.120000 2.378000 2.498000
820.236791035000010 0.128000 4.203000 4.331000
820.269926357000031 0.124000 2.912000 3.036000
820.303060316000028 0.125000 5.315000 5.440000
820.336306263999973 0.192000 5.719000 5.911000
820.369406108000021 0.150000 4.964000 5.114000
820.402579210999988 0.123000 7.370000 7.493000
820.435753264000027 0.119000 4.791000 4.910000
820.468967991999989 0.124000 3.405000 3.529000
820.502098210999975 0.123000 3.653000 3.776000
820.535272045000056 0.118000 3.365000 3.483000
820.568522262999977 0.129000 4.922000 5.051000
820.601659003000009 0.126000 4.909000 5.035000
820.634790783999961 0.121000 3.857000 3.978000
820.667963991999954 0.116000 6.090000 6.206000
820.701172836999945 0.125000 10.006000 10.131000
820.734352003000026 0.118000 8.575000 8.693000
820.767481950000047 0.133000 10.141000 10.274000
820.800657002999969 0.137000 12.255000 12.392000
820.833956055000044 0.164000 11.312000 11.476000
820.867041003000054 0.127000 9.835000 9.962000
820.900215107000008 0.134000 10.289000 10.423000
820.933347002999994 0.125000 10.164000 10.289000
820.966651003000038 0.136000 6.909000 7.045000
820.999693054999966 0.133000 8.392000 8.525000
821.032988067000019 0.138000 7.866000 8.004000
821.066087702000004 0.125000 7.246000 7.371000
821.099260702000038 0.129000 11.217000 11.346000
821.132434701999955 0.138000 7.228000 7.366000
821.165606701999991 0.124000 8.154000 8.278000
821.198845115000040 0.119000 8.358000 8.477000
821.232055374999959 0.243000 8.236000 8.479000
821.265194062999967 0.140000 6.186000 6.326000
821.298365063000006 0.130000 8.104000 8.234000
821.331538375000036 0.130000 5.536000 5.666000
821.364867040000036 0.137000 7.931000 8.068000
821.397955404999948 0.127000 2.952000 3.079000
821.431199040000024 0.127000 5.701000 5.828000
821.464341040000022 0.128000 4.227000 4.355000
821.497472988000027 0.118000 6.251000 6.369000
821.530761946999974 0.115000 3.671000 3.786000
821.563892999000018 0.137000 2.523000 2.660000
821.597137894999946 0.135000 3.974000 4.109000
821.630239050999990 0.138000 4.758000 4.896000
821.663481947000037 0.176000 3.867000 4.043000
821.696700500000020 0.159000 4.211000 4.370000
821.729831812000043 0.123000 4.730000 4.853000
821.763000708000050 0.122000 4.393000 4.515000
821.796184604000018 0.129000 2.334000 2.463000
821.829427603999989 0.125000 2.021000 2.146000
821.862578385999996 0.117000 3.208000 3.325000
821.895751334000011 0.122000 3.945000 4.067000
821.928965437999977 0.139000 2.948000 3.087000
821.962097438000001 0.116000 3.176000 3.292000
821.995270438000034 0.136000 4.612000 4.748000
822.028444437999951 0.144000 5.100000 5.244000
822.061618490000001 0.119000 3.946000 4.065000
822.094830438000031 0.127000 2.625000 2.752000
822.127963386000033 0.123000 2.427000 2.550000
822.161263490000010 0.123000 3.411000 3.534000
822.194437438000023 0.123000 3.312000 3.435000
822.227481386000022 0.127000 2.950000 3.077000
822.260658386000046 0.123000 3.009000 3.132000
822.293827437999994 0.123000 3.742000 3.865000
822.327001386000006 0.123000 2.884000 3.007000
822.360218386000042 0.124000 2.955000 3.079000
822.393346489999999 0.144000 2.869000 3.013000
822.426520438000011 0.146000 2.745000 2.891000
822.459694438000042 0.127000 3.537000 3.664000
822.492865437999967 0.128000 3.374000 3.502000
822.526039385999979 0.122000 3.938000 4.060000
822.559211333999997 0.131000 4.302000 4.433000
822.592426334000038 0.120000 3.323000 3.443000
822.625558385999966 0.197000 5.259000 5.456000
822.658772386000010 0.147000 4.912000 5.059000
822.691954386000020 0.137000 4.701000 4.838000
822.725118437999981 0.133000 4.739000 4.872000
822.758290332999991 0.142000 3.967000 4.109000
822.791463386000032 0.139000 3.230000 3.369000
822.824596386000053 0.150000 3.285000 3.435000
822.857768490000012 0.153000 3.354000 3.507000
822.890988438000022 0.148000 3.554000 3.702000
822.924123386000019 0.130000 4.535000 4.665000
822.957328385999972 0.130000 3.018000 3.148000
822.990500386000008 0.127000 4.398000 4.525000
823.023581581000030 0.152000 4.280000 4.432000
823.056795737000016 0.135000 3.082000 3.217000
823.089929769000037 0.148000 3.265000 3.413000
823.123102872000004 0.132000 4.052000 4.184000
823.156274581000048 0.138000 4.575000 4.713000
823.189398150999978 0.150000 4.756000 4.906000
823.222570941999948 0.147000 6.066000 6.213000
823.255743941999981 0.139000 4.957000 5.096000
823.288918097999954 0.174000 4.863000 5.037000
823.322220463000008 0.137000 6.085000 6.222000
823.355385723000040 0.132000 5.463000 5.595000
823.388440566999975 0.129000 3.162000 3.291000
823.421628776000034 0.143000 4.244000 4.387000
823.454894201999991 0.133000 6.369000 6.502000
823.487957941999980 0.133000 5.352000 5.485000
823.521243838000032 0.127000 5.669000 5.796000
823.554304890000026 0.130000 4.573000 4.703000
823.587476941999967 0.136000 3.588000 3.724000
823.620650099000045 0.204000 6.833000 7.037000
823.653821203000007 0.124000 7.822000 7.946000
823.686997045999988 0.125000 3.724000 3.849000
823.720167837999952 0.123000 7.564000 7.687000
823.753343390000055 0.128000 8.329000 8.457000
823.786518358999956 0.129000 8.558000 8.687000
823.819769254999983 0.000000 7.015000 7.015000
823.852908287999981 0.135000 6.750000 6.885000
823.886091287999989 0.000000 8.230000 8.230000
823.952368111000055 0.272000 10.672000 10.944000
824.018764027999964 0.125000 10.806000 10.931000
824.051847902999953 0.147000 10.648000 10.795000
824.118137707999949 0.278000 18.081000 18.359000
824.151309655999967 0.130000 7.897000 8.027000
824.184483915999976 0.000000 5.733000 5.733000
824.217739864000009 0.152000 4.977000 5.129000
824.250930811999979 0.000000 8.353000 8.353000
824.317109244999983 0.214000 8.189000 8.403000
824.383454723999989 0.269000 5.098000 5.367000
824.449801619000027 0.127000 5.332000 5.459000
824.483078567000007 0.138000 3.332000 3.470000
824.549326359000020 0.213000 7.549000 7.762000
824.582533359999957 0.132000 10.203000 10.335000
824.615704307999977 0.122000 10.256000 10.378000
824.648877514999981 0.000000 8.649000 8.649000
824.682056514999999 0.168000 9.708000 9.876000
824.715188306999949 0.170000 5.672000 5.842000
824.781532359000039 0.147000 6.382000 6.529000
824.814750410999977 0.138000 6.166000 6.304000
824.881051254999988 0.274000 5.925000 6.199000
824.914311255000030 0.141000 8.714000 8.855000
824.947496255000033 0.141000 10.703000 10.844000
824.980684139999994 0.136000 9.392000 9.528000
825.013743192999982 0.000000 10.329000 10.329000
825.046916922000037 0.146000 9.369000 9.515000
825.080130619999977 0.000000 6.683000 6.683000
825.146438192000005 0.313000 8.390000 8.703000
825.212821088000055 0.167000 11.777000 11.944000
825.246087702999944 0.000000 11.683000 11.683000
825.312298359000010 0.213000 11.524000 11.737000
825.378644463999990 0.182000 7.911000 8.093000
825.445064722999973 0.287000 10.492000 10.779000
825.511395410999967 0.162000 12.497000 12.659000
825.544510306999996 0.213000 9.379000 9.592000
825.610855358999970 0.171000 6.869000 7.040000
825.644027618999985 0.149000 9.121000 9.270000
825.677200514999981 0.129000 12.960000 13.089000
825.743546254999956 0.302000 11.460000 11.762000
825.776718202999973 0.000000 12.401000 12.401000
825.809894359000054 0.189000 9.057000 9.246000
825.843067973999950 0.151000 6.377000 6.528000
825.909411463999959 0.298000 7.900000 8.198000
825.942557072999989 0.132000 9.515000 9.647000
825.975731021999991 0.000000 8.840000 8.840000
826.008904176999977 0.139000 7.486000 7.625000
826.042038864000006 0.000000 9.433000 9.433000
826.108460021000042 0.299000 7.328000 7.627000
826.174819917000036 0.204000 11.357000 11.561000
826.207901916999958 0.198000 7.937000 8.135000
826.241150969000046 0.185000 6.924000 7.109000
826.307420125000021 0.354000 8.018000 8.372000
826.340592968999999 0.000000 7.094000 7.094000
826.373766073999946 0.160000 9.906000 10.066000
826.407033970000043 0.153000 9.953000 10.106000
826.473285022000027 0.166000 4.737000 4.903000
826.506458969000050 0.145000 10.353000 10.498000
826.539674177000052 0.151000 5.791000 5.942000
826.606024948000027 0.154000 9.507000 9.661000
826.639211021000051 0.136000 13.247000 13.383000
826.705574125999988 0.313000 7.472000 7.785000
826.738775646000022 0.140000 12.944000 13.084000
826.771844489000046 0.214000 15.238000 15.452000
826.805058074000044 0.185000 12.532000 12.717000
826.838190333000057 0.151000 13.642000 13.793000
826.871400229999949 0.146000 10.863000 11.009000
826.904580386000021 0.135000 13.101000 13.236000
826.937813073000029 0.155000 13.341000 13.496000
826.971040395000045 0.147000 9.207000 9.354000
827.004168071999970 0.149000 12.586000 12.735000
827.037324343000023 0.140000 14.408000 14.548000
827.070472343000006 0.232000 9.127000 9.359000
827.103645551999989 0.175000 9.262000 9.437000
827.136890447000042 0.192000 10.366000 10.558000
827.169992290999971 0.162000 8.959000 9.121000
827.203180342999985 0.154000 7.383000 7.537000
827.236381603000041 0.143000 11.675000 11.818000
827.269510290999960 0.145000 12.644000 12.789000
827.302684395000028 0.137000 8.492000 8.629000
827.335857759999953 0.145000 11.291000 11.436000
827.369071394999992 0.145000 10.030000 10.175000
827.402284291000001 0.195000 9.054000 9.249000
827.435376343000030 0.196000 7.489000 7.685000
827.468526858000018 0.159000 8.081000 8.240000
827.501658700999997 0.135000 5.749000 5.884000
827.534906700999954 0.153000 5.256000 5.409000
827.568006804999982 0.224000 4.131000 4.355000
827.601179752999997 0.177000 3.199000 3.376000
827.634422752999967 0.140000 7.590000 7.730000
827.667523752999955 0.142000 5.208000 5.350000
827.700736700999983 0.132000 7.132000 7.264000
827.733911701000011 0.139000 3.954000 4.093000
827.767083909999997 0.154000 7.035000 7.189000
827.800155321000034 0.145000 2.234000 2.379000
827.833329269000046 0.133000 3.748000 3.881000
827.866543633999981 0.171000 5.824000 5.995000
827.899719373000039 0.154000 4.226000 4.380000
827.932850269000028 0.136000 3.627000 3.763000
827.966062373000000 0.139000 5.240000 5.379000
827.999206268999956 0.148000 2.812000 2.960000
828.032408374000056 0.128000 2.056000 2.184000
828.065540372999976 0.130000 3.620000 3.750000
828.098754321000001 0.136000 4.772000 4.908000
828.131928373000051 0.131000 2.487000 2.618000
828.165099269000052 0.131000 2.349000 2.480000
828.198272320999990 0.140000 3.189000 3.329000
828.231406321000009 0.150000 4.337000 4.487000
828.264579372999947 0.153000 6.431000 6.584000
828.297752477000017 0.133000 3.865000 3.998000
828.330964268999992 0.132000 2.024000 2.156000
828.364098634000015 0.128000 1.725000 1.853000
828.397272529000020 0.142000 1.856000 1.998000
828.430517477999956 0.137000 4.357000 4.494000
828.463686769999981 0.146000 4.986000 5.132000
828.496942718000014 0.135000 2.360000 2.495000
828.530030873999976 0.133000 2.244000 2.377000
828.563230822000037 0.133000 1.881000 2.014000
828.596376978999956 0.136000 2.045000 2.181000
828.629741153000055 0.139000 1.870000 2.009000
828.662857361999954 0.132000 4.461000 4.593000
828.696067726000024 0.134000 4.842000 4.976000
828.729249674000016 0.140000 2.500000 2.640000
828.762303049000025 0.136000 2.287000 2.423000
828.795563257000026 0.136000 2.152000 2.288000
828.828844257000014 0.141000 4.075000 4.216000
828.861902309000016 0.144000 4.206000 4.350000
828.895075257000030 0.133000 2.606000 2.739000
828.928247205000048 0.130000 2.696000 2.826000
828.961488186999986 0.138000 2.571000 2.709000
828.994661447999988 0.136000 2.664000 2.800000
829.027834342999995 0.134000 2.296000 2.430000
829.061009582999986 0.133000 1.926000 2.059000
829.094180124999980 0.130000 4.258000 4.388000
829.127443505999963 0.135000 5.098000 5.233000
829.160616298000036 0.134000 2.369000 2.503000
829.193867777000037 0.134000 5.302000 5.436000
829.227035974000046 0.138000 6.873000 7.011000
829.260232433000056 0.132000 2.996000 3.128000
829.293491134999954 0.142000 1.945000 2.087000
829.326632031000031 0.135000 4.512000 4.647000
829.359723980000012 0.137000 9.769000 9.906000
829.392984083999977 0.136000 6.022000 6.158000
829.426143062000051 0.166000 8.357000 8.523000
829.459361284000011 0.137000 2.027000 2.164000
829.492608388000008 0.136000 2.170000 2.306000
829.525658441000019 0.139000 5.520000 5.659000
829.558936388000006 0.000000 7.251000 7.251000
829.592105336000031 0.156000 2.866000 3.022000
829.625313226999992 0.147000 4.725000 4.872000
829.691665070999989 0.270000 11.689000 11.959000
829.724828174999971 0.152000 10.556000 10.708000
829.758072123000034 0.153000 4.741000 4.894000
829.791176123000014 0.157000 6.161000 6.318000
829.824379659999977 0.136000 2.611000 2.747000
829.857552764000047 0.000000 2.162000 2.162000
829.890725503999988 0.132000 4.817000 4.949000
829.923917608000011 0.137000 6.002000 6.139000
829.990316504000020 0.261000 4.643000 4.904000
830.023544045999984 0.136000 2.167000 2.303000
830.056644462999998 0.131000 2.138000 2.269000
830.089855306000004 0.125000 3.607000 3.732000
830.123027359000048 0.172000 4.036000 4.208000
830.156201306999947 0.000000 2.767000 2.767000
830.189404409999952 0.132000 2.086000 2.218000
830.222590150999963 0.129000 2.010000 2.139000
830.288916180999991 0.266000 3.939000 4.205000
830.322026463000043 0.136000 3.997000 4.133000
830.355240410999954 0.000000 3.994000 3.994000
830.388371827000014 0.144000 3.778000 3.922000
830.421544723000011 0.000000 1.848000 1.848000
830.487890567000022 0.134000 4.398000 4.532000
830.554326983999999 0.299000 7.084000 7.383000
830.620583254000053 0.140000 8.795000 8.935000
830.653756201999954 0.141000 4.420000 4.561000
830.720183150000025 0.147000 4.770000 4.917000
830.753358202999948 0.155000 8.458000 8.613000
830.819621097999971 0.308000 10.641000 10.949000
830.852865149999957 0.151000 7.415000 7.566000
830.885966253999982 0.000000 7.782000 7.782000
830.919140149999976 0.154000 7.455000 7.609000
830.952313097999991 0.154000 7.411000 7.565000
831.018659097999944 0.151000 6.400000 6.551000
831.051873357999966 0.144000 4.854000 4.998000
831.118178201999967 0.335000 5.183000 5.518000
831.151351255000009 0.144000 3.086000 3.230000
831.184619567000027 0.201000 5.712000 5.913000
831.217737149999948 0.223000 6.822000 7.045000
831.250914254000008 0.165000 6.895000 7.060000
831.284054149999974 0.151000 7.932000 8.083000
831.317290150999952 0.170000 6.331000 6.501000
831.350389046000032 0.144000 6.094000 6.238000
831.383604410999965 0.153000 8.604000 8.757000
831.416780410000001 0.136000 7.206000 7.342000
831.449914305999982 0.153000 6.564000 6.717000
831.483152670999971 0.177000 6.216000 6.393000
831.516254514000025 0.170000 7.368000 7.538000
831.549617463000004 0.152000 5.692000 5.844000
831.582645462999949 0.139000 6.672000 6.811000
831.615811254000050 0.140000 5.345000 5.485000
831.648984150000047 0.130000 6.760000 6.890000
831.682121149999944 0.142000 4.592000 4.734000
831.715292149999982 0.147000 5.359000 5.506000
831.748658202000001 0.128000 4.350000 4.478000
831.781828977000032 0.123000 3.813000 3.936000
831.814957924000055 0.119000 6.366000 6.485000
831.848090871999943 0.122000 6.419000 6.541000
831.881263923999995 0.120000 10.025000 10.145000
831.914437976000045 0.187000 7.675000 7.862000
831.947735923999971 0.173000 10.980000 11.153000
831.980910079999944 0.153000 10.796000 10.949000
832.013995924000028 0.163000 10.771000 10.934000
832.047130975999949 0.173000 6.091000 6.264000
832.080302975999984 0.153000 5.374000 5.527000
832.113475976000018 0.158000 7.242000 7.400000
832.146648924000033 0.139000 7.626000 7.765000
832.179821923999953 0.159000 10.566000 10.725000
832.212996975999999 0.143000 12.074000 12.217000
832.246168381999951 0.135000 15.025000 15.160000
832.279340288999947 0.178000 15.250000 15.428000
832.312514080000028 0.178000 14.163000 14.341000
832.345725924000021 0.154000 14.413000 14.567000
832.378903289000050 0.142000 14.992000 15.134000
832.412032132000036 0.135000 17.553000 17.688000
832.445278236000036 0.158000 16.318000 16.476000
832.478378341000052 0.167000 13.747000 13.914000
832.511625214999981 0.219000 13.086000 13.305000
832.544773372000009 0.160000 9.702000 9.862000
832.577939924000020 0.162000 15.582000 15.744000
832.611072924000041 0.161000 15.306000 15.467000
832.644247975999974 0.167000 14.579000 14.746000
832.677502236000009 0.172000 17.845000 18.017000
832.710600340000042 0.172000 13.507000 13.679000
832.743765319999966 0.163000 13.434000 13.597000
832.776868975999946 0.150000 6.083000 6.233000
832.810045800000012 0.147000 5.044000 5.191000
832.843253977000018 0.140000 6.625000 6.765000
832.876387819999991 0.145000 9.727000 9.872000
832.909599716000002 0.143000 8.012000 8.155000
832.942700441000056 0.124000 3.978000 4.102000
832.975877388999947 0.123000 4.123000 4.246000
833.009064492999983 0.123000 4.686000 4.809000
833.042196493999995 0.127000 4.496000 4.623000
833.075412546000052 0.134000 4.481000 4.615000
833.108532860999958 0.144000 5.450000 5.594000
833.141704860999994 0.132000 3.028000 3.160000
833.174877068999990 0.133000 3.607000 3.740000
833.208050017999994 0.125000 3.383000 3.508000
833.241222965000020 0.132000 4.659000 4.791000
833.274307303999990 0.130000 3.665000 3.795000
833.307519147999983 0.126000 3.213000 3.339000
833.340677148000054 0.154000 5.259000 5.413000
833.373827148000032 0.130000 4.061000 4.191000
833.406999459999952 0.122000 4.025000 4.147000
833.440109776999975 0.122000 4.897000 5.019000
833.473283984999966 0.124000 2.404000 2.528000
833.506456880999963 0.146000 1.995000 2.141000
833.539711881000017 0.123000 1.989000 2.112000
833.572878037999999 0.126000 2.055000 2.181000
833.605920988999969 0.119000 4.329000 4.448000
833.639164040999958 0.123000 3.791000 3.914000
833.672355144999983 0.126000 1.769000 1.895000
833.705550041000038 0.000000 3.773000 3.773000
833.738613041000008 0.138000 6.897000 7.035000
833.771786092999946 0.128000 2.526000 2.654000
833.838133551000055 0.134000 2.175000 2.309000
833.871304989000009 0.138000 4.553000 4.691000
833.904477092999969 0.000000 4.706000 4.706000
833.970824249999964 0.295000 6.650000 6.945000
834.037170250000031 0.156000 9.001000 9.157000
834.070346145000030 0.143000 6.420000 6.563000
834.136689145999981 0.292000 7.599000 7.891000
834.169862353999974 0.000000 6.709000 6.709000
834.203037093000034 0.187000 5.846000 6.033000
834.236206989000038 0.187000 6.427000 6.614000
834.302554041000008 0.301000 4.577000 4.878000
834.335725989000025 0.126000 4.434000 4.560000
834.368943404999982 0.140000 6.856000 6.996000
834.402073248999955 0.160000 4.378000 4.538000
834.435174862000054 0.144000 4.752000 4.896000
834.468433914000002 0.000000 5.726000 5.726000
834.501602279000053 0.145000 4.698000 4.843000
834.534694278999950 0.153000 4.927000 5.080000
834.601040967000017 0.142000 3.593000 3.735000
834.634154804999980 0.129000 1.871000 2.000000
834.700572274000024 0.130000 3.989000 4.119000
834.733773429000053 0.139000 8.506000 8.645000
834.766962325999998 0.148000 4.426000 4.574000
834.833195441000044 0.326000 4.403000 4.729000
834.866468388000044 0.151000 4.824000 4.975000
834.899539387999994 0.191000 9.222000 9.413000
834.932758325999998 0.150000 6.141000 6.291000
834.965922700999954 0.000000 4.977000 4.977000
834.999096335999980 0.142000 5.295000 5.437000
835.032229336000000 0.124000 1.817000 1.941000
835.098707440999988 0.120000 4.091000 4.211000
835.131878595999979 0.128000 8.437000 8.565000
835.198140336000051 0.254000 8.323000 8.577000
835.231267387999992 0.138000 7.039000 7.177000
835.264524336000022 0.126000 6.037000 6.163000
835.297614336000038 0.000000 8.575000 8.575000
835.330786648999947 0.130000 10.941000 11.071000
835.363958440000033 0.127000 11.004000 11.131000
835.430311596000024 0.253000 9.122000 9.375000
835.463519543999951 0.000000 5.361000 5.361000
835.496697491999953 0.171000 2.053000 2.224000
835.529824439999970 0.128000 3.843000 3.971000
835.596251804999952 0.129000 6.825000 6.954000
835.629421544000024 0.125000 7.767000 7.892000
835.695690388000003 0.128000 7.711000 7.839000
835.728905336000025 0.124000 9.413000 9.537000
835.795209440000008 0.131000 12.078000 12.209000
835.828428805000044 0.127000 7.665000 7.792000
835.861626440000009 0.150000 9.563000 9.713000
835.927904220999949 0.190000 10.759000 10.949000
835.961074804999953 0.155000 9.195000 9.350000
836.027462700000001 0.290000 10.141000 10.431000
836.060596544999953 0.123000 6.119000 6.242000
836.093807649000041 0.000000 4.441000 4.441000
836.127030648999948 0.126000 7.639000 7.765000
836.160113388000013 0.000000 2.000000 2.000000
836.226458440999977 0.297000 3.624000 3.921000
836.292845284000009 0.273000 7.397000 7.670000
836.325976336000053 0.000000 6.858000 6.858000
836.359152387999984 0.122000 3.372000 3.494000
836.392364283999996 0.137000 6.485000 6.622000
836.458798335999973 0.121000 6.552000 6.673000
836.491841492000049 0.124000 6.315000 6.439000
836.558231284000044 0.301000 7.295000 7.596000
836.591360699999996 0.131000 6.497000 6.628000
836.624534388000029 0.127000 6.134000 6.261000
836.657706648000044 0.127000 3.106000 3.233000
836.690880274000051 0.123000 3.184000 3.307000
836.724054169000055 0.134000 6.825000 6.959000
836.757225388000052 0.131000 6.166000 6.297000
836.790399596000043 0.128000 5.646000 5.774000
836.823611335999999 0.167000 5.505000 5.672000
836.856825439999966 0.135000 3.174000 3.309000
836.890044492000015 0.133000 4.390000 4.523000
836.923179752999999 0.149000 13.999000 14.148000
836.956385856999987 0.157000 14.879000 15.036000
836.989484680000032 0.145000 13.095000 13.240000
837.022649597000054 0.141000 5.660000 5.801000
837.055782492000048 0.133000 3.871000 4.004000
837.089012811999964 0.145000 7.186000 7.331000
837.122184176000019 0.128000 4.213000 4.341000
837.155438812000057 0.153000 6.646000 6.799000
837.188530915999991 0.000000 8.185000 8.185000
837.221829916000047 0.162000 7.966000 8.128000
837.254916812000033 0.148000 5.039000 5.187000
837.321262124999976 0.294000 6.339000 6.633000
837.354439489000015 0.132000 4.333000 4.465000
837.387566812000046 0.147000 3.804000 3.951000
837.420822811999983 0.138000 5.888000 6.026000
837.453821812999990 0.132000 3.474000 3.606000
837.486994865000042 0.132000 3.742000 3.874000
837.520168916999978 0.124000 2.868000 2.992000
837.553380812999990 0.247000 2.200000 2.447000
837.586513917000048 0.146000 3.517000 3.663000
837.619763932999945 0.126000 7.394000 7.520000
837.652811984999971 0.176000 3.464000 3.640000
837.686053036999965 0.126000 3.633000 3.759000
837.719203038000046 0.131000 4.324000 4.455000
837.752329036999981 0.136000 2.216000 2.352000
837.785501984999996 0.175000 2.257000 2.432000
837.818714933000024 0.138000 2.181000 2.319000
837.851848984999947 0.144000 3.315000 3.459000
837.885060932999977 0.135000 5.889000 6.024000
837.918236037000042 0.130000 3.268000 3.398000
837.951366933000031 0.129000 1.841000 1.970000
837.984539932999951 0.126000 2.371000 2.497000
838.017712932999984 0.121000 1.977000 2.098000
838.050889037000047 0.117000 3.633000 3.750000
838.084063933000039 0.119000 4.300000 4.419000
838.117231932999971 0.126000 3.601000 3.727000
838.150445933000015 0.131000 5.177000 5.308000
838.183578036999961 0.154000 2.238000 2.392000
838.216755881000040 0.128000 2.193000 2.321000
838.249926985000002 0.133000 2.051000 2.184000
838.283141140999987 0.120000 4.404000 4.524000
838.316310141000031 0.129000 5.860000 5.989000
838.349469088999967 0.201000 2.896000 3.097000
838.382615985000029 0.151000 2.064000 2.215000
838.415789088999986 0.138000 1.970000 2.108000
838.449002037000014 0.134000 1.740000 1.874000
838.482136038000021 0.134000 4.166000 4.300000
838.515367986000001 0.157000 6.972000 7.129000
838.548481818000027 0.151000 3.350000 3.501000
838.581782933000000 0.146000 2.324000 2.470000
838.614883663999990 0.132000 2.705000 2.837000
838.648098611000023 0.218000 2.643000 2.861000
838.681229402999975 0.173000 2.137000 2.310000
838.714406903000054 0.169000 1.894000 2.063000
838.747578642999997 0.153000 1.840000 1.993000
838.780803733999960 0.134000 4.082000 4.216000
838.813977255000054 0.136000 5.774000 5.910000
838.847222514999999 0.132000 2.623000 2.755000
838.880398568000032 0.000000 4.339000 4.339000
838.913598223999998 0.133000 4.560000 4.693000
838.946761411000011 0.135000 2.461000 2.596000
839.013014462999990 0.133000 2.437000 2.570000
839.046260462999953 0.140000 2.099000 2.239000
839.112648942999954 0.137000 4.497000 4.634000
839.145710734999966 0.131000 4.822000 4.953000
839.212248716999966 0.262000 4.792000 5.054000
839.245304028999954 0.000000 2.247000 2.247000
839.278476873000045 0.133000 2.462000 2.595000
839.311763664999944 0.142000 5.518000 5.660000
839.377994080999997 0.251000 9.926000 10.177000
839.411239720000026 0.211000 12.799000 13.010000
839.444412719999946 0.185000 6.031000 6.216000
839.510758979999991 0.315000 7.707000 8.022000
839.543938906999983 0.162000 7.062000 7.224000
839.577116854999986 0.138000 4.244000 4.382000
839.610354039999947 0.133000 4.804000 4.937000
839.643619362999971 0.141000 5.825000 5.966000
839.676698675000011 0.000000 6.931000 6.931000
839.709875707000037 0.144000 8.371000 8.515000
839.743044779000002 0.139000 2.518000 2.657000
839.809540931000015 0.312000 2.871000 3.183000
839.842735232999985 0.148000 4.608000 4.756000
839.875850023999988 0.000000 6.625000 6.625000
839.909021930999984 0.274000 5.257000 5.531000
839.942154243999994 0.129000 5.163000 5.292000
839.977017803999956 0.143000 4.733000 4.876000
840.008557646999975 0.138000 6.434000 6.572000
840.041731647999995 0.146000 3.046000 3.192000
840.074902700000052 0.154000 2.750000 2.904000
840.108075699999972 0.204000 2.093000 2.297000
840.141300217999969 0.240000 4.980000 5.220000
840.174472218999995 0.216000 7.140000 7.356000
840.207686270999943 0.244000 6.574000 6.818000
840.240863270999967 0.250000 5.267000 5.517000
840.273991323000018 0.211000 3.148000 3.359000
840.307206271000041 0.220000 2.306000 2.526000
840.340337270999953 0.186000 4.603000 4.789000
840.373555270999987 0.169000 4.888000 5.057000
840.406730323000033 0.145000 2.739000 2.884000
840.439897270999950 0.153000 2.750000 2.903000
840.473103271000014 0.139000 2.264000 2.403000
840.506241374999945 0.139000 2.382000 2.521000
840.539417532000016 0.135000 2.372000 2.507000
840.572552270999950 0.138000 2.487000 2.625000
840.605830270999945 0.140000 2.080000 2.220000
840.638895271000024 0.139000 4.410000 4.549000
840.672066687999973 0.136000 7.411000 7.547000
840.705282583999974 0.122000 2.240000 2.362000
840.738413271000013 0.133000 2.090000 2.223000
840.771586322999951 0.136000 2.110000 2.246000
840.804886323999995 0.125000 4.056000 4.181000
840.837963426999977 0.143000 4.881000 5.024000
840.871214270999985 0.137000 2.755000 2.892000
840.904278270999953 0.133000 2.318000 2.451000
840.937497323000002 0.142000 1.955000 2.097000
840.970624219000001 0.146000 2.025000 2.171000
841.003797426999995 0.135000 2.136000 2.271000
841.036971739000023 0.126000 2.192000 2.318000
841.070145001000014 0.129000 3.859000 3.988000
841.103317051999966 0.132000 5.041000 5.173000
841.136489322999978 0.128000 2.299000 2.427000
841.169702218999987 0.145000 2.287000 2.432000
841.202837478999982 0.128000 1.940000 2.068000
841.236011479000013 0.129000 1.817000 1.946000
841.269254531000001 0.128000 3.220000 3.348000
841.302355375000047 0.144000 5.792000 5.936000
841.335527271000046 0.136000 3.395000 3.531000
841.368701375999990 0.146000 5.053000 5.199000
841.401975375000006 0.128000 4.870000 4.998000
841.435178271000041 0.138000 3.285000 3.423000
841.468219270999953 0.131000 3.752000 3.883000
841.501393375000021 0.134000 5.389000 5.523000
841.534565271000019 0.132000 5.502000 5.634000
841.567779427000005 0.138000 8.365000 8.503000
841.600954167000054 0.150000 8.063000 8.213000
841.634085271000004 0.149000 5.676000 5.825000
841.667328322999992 0.000000 5.989000 5.989000
841.700430270999959 0.136000 3.636000 3.772000
841.733609823000052 0.143000 4.384000 4.527000
841.799966625000025 0.287000 4.842000 5.129000
841.833122531999948 0.130000 4.923000 5.053000
841.866336531000002 0.123000 6.513000 6.636000
841.899468634999948 0.138000 5.752000 5.890000
841.932643583999948 0.131000 7.490000 7.621000
841.965814478999960 0.136000 6.788000 6.924000
841.999027426999987 0.139000 3.453000 3.592000
842.032160270999952 0.134000 5.005000 5.139000
842.065333427000041 0.141000 5.798000 5.939000
842.098507375000054 0.224000 3.586000 3.810000
842.131680271000050 0.163000 6.746000 6.909000
842.164852270999972 0.132000 6.204000 6.336000
842.198026271000003 0.147000 5.760000 5.907000
842.231198375999952 0.131000 4.370000 4.501000
842.264372322999975 0.141000 3.058000 3.199000
842.297583375000045 0.164000 4.403000 4.567000
842.330827664000026 0.156000 3.392000 3.548000
842.364027716000010 0.177000 2.489000 2.666000
842.397129611999958 0.166000 2.772000 2.938000
842.430302976000007 0.142000 4.956000 5.098000
842.463475768999956 0.141000 4.113000 4.254000
842.496853991999956 0.144000 3.071000 3.215000
842.529898990999982 0.142000 9.257000 9.399000
842.563112886999988 0.136000 3.378000 3.514000
842.596246834999988 0.139000 6.452000 6.591000
842.629510887000038 0.133000 9.823000 9.956000
842.662592886999960 0.142000 5.479000 5.621000
842.695795887000031 0.134000 4.691000 4.825000
842.728978835000021 0.137000 3.484000 3.621000
842.762110783000026 0.153000 4.303000 4.456000
842.795324834999974 0.135000 9.093000 9.228000
842.828456887000016 0.143000 7.330000 7.473000
842.861628835000033 0.146000 9.941000 10.087000
842.894802834999950 0.129000 11.555000 11.684000
842.928048835000027 0.166000 10.600000 10.766000
842.961149991999946 0.150000 11.225000 11.375000
842.994322835000048 0.152000 7.114000 7.266000
843.027534782999965 0.144000 9.136000 9.280000
843.060710782999990 0.135000 11.624000 11.759000
843.093880783000031 0.138000 14.217000 14.355000
843.127055886999983 0.155000 11.016000 11.171000
843.160188918000017 0.150000 9.663000 9.813000
843.193399888000044 0.174000 10.916000 11.090000
843.226573991999999 0.147000 8.586000 8.733000
843.259748199000001 0.147000 7.566000 7.713000
843.292883386999961 0.133000 7.676000 7.809000
843.326039814999945 0.165000 6.344000 6.509000
843.359217710000053 0.145000 6.673000 6.818000
843.392344709999975 0.149000 3.173000 3.322000
843.425518710000006 0.134000 5.411000 5.545000
843.458691658000021 0.138000 4.181000 4.319000
843.491904657999953 0.130000 6.274000 6.404000
843.525035657999979 0.134000 5.272000 5.406000
843.558210658000007 0.137000 6.910000 7.047000
843.591382658000043 0.137000 6.579000 6.716000
843.624556709999979 0.000000 4.647000 4.647000
843.657656505999967 0.135000 3.696000 3.831000
843.690831558000014 0.144000 4.897000 5.041000
843.757175609999990 0.264000 5.495000 5.759000
843.790349558000003 0.140000 7.700000 7.840000
843.823521506000020 0.140000 5.445000 5.585000
843.856623967000019 0.176000 6.998000 7.174000
843.889798122999991 0.214000 5.976000 6.190000
843.923047967000002 0.159000 10.022000 10.181000
843.956144174999963 0.161000 5.482000 5.643000
843.989316018999943 0.150000 3.630000 3.780000
844.022420826000030 0.151000 5.842000 5.993000
844.055594877999965 0.136000 5.431000 5.567000
844.088767825999980 0.136000 2.285000 2.421000
844.121943983000051 0.132000 4.702000 4.834000
844.155112826000050 0.141000 8.311000 8.452000
844.188234541000043 0.134000 4.087000 4.221000
844.221406592999983 0.138000 4.553000 4.691000
844.254579540999998 0.133000 4.761000 4.894000
844.287752749999981 0.147000 7.470000 7.617000
844.320926540999949 0.130000 2.079000 2.209000
844.354050527000027 0.000000 4.326000 4.326000
844.387223735000020 0.159000 5.644000 5.803000
844.420396995000033 0.163000 1.735000 1.898000
844.486741578999954 0.278000 4.472000 4.750000
844.519915265999998 0.000000 4.083000 4.083000
844.553088422999963 0.154000 4.250000 4.404000
844.586261995999962 0.186000 7.428000 7.614000
844.652626162000047 0.293000 10.740000 11.033000
844.685847058000036 0.145000 8.200000 8.345000
844.719046318999972 0.136000 7.816000 7.952000
844.752075731999980 0.000000 7.635000 7.635000
844.785374835999960 0.172000 6.139000 6.311000
844.818526837000036 0.000000 8.218000 8.218000
844.884767044000000 0.148000 13.040000 13.188000
844.951181513000051 0.206000 10.478000 10.684000
845.017557826000029 0.364000 10.498000 10.862000
845.083807711999953 0.185000 9.210000 9.395000
845.116980971999965 0.319000 7.198000 7.517000
845.150152918999993 0.168000 5.599000 5.767000
845.184554555999966 0.146000 6.080000 6.226000
845.216496628999948 0.196000 5.620000 5.816000
845.249669659999995 0.167000 5.115000 5.282000
845.282867420000002 0.165000 6.967000 7.132000
845.316069524000000 0.151000 7.994000 8.145000
845.349154315999954 0.186000 4.701000 4.887000
845.382326315999990 0.161000 6.406000 6.567000
845.415526473000000 0.174000 4.209000 4.383000
845.448767316000044 0.220000 3.859000 4.079000
845.481847315999971 0.162000 4.141000 4.303000
845.514976263999984 0.000000 6.336000 6.336000
845.548148471999980 0.143000 4.579000 4.722000
845.581408420000002 0.148000 5.688000 5.836000
845.647713264000004 0.285000 4.819000 5.104000
845.680947263999997 0.147000 8.386000 8.533000
845.714016315999970 0.147000 8.038000 8.185000
845.747189316000004 0.143000 9.911000 10.054000
845.780360264000024 0.146000 7.604000 7.750000
845.813533524000036 0.154000 7.997000 8.151000
845.846745576999979 0.153000 11.829000 11.982000
845.880142419999970 0.159000 11.287000 11.446000
845.913057212000012 0.136000 9.938000 10.074000
845.946224315999984 0.131000 7.035000 7.166000
845.979397368000036 0.158000 7.093000 7.251000
846.012570471999993 0.148000 6.821000 6.969000
846.045743367999989 0.187000 5.164000 5.351000
846.078917369000010 0.160000 12.517000 12.677000
846.112090316000035 0.139000 8.850000 8.989000
846.145349315999965 0.147000 9.520000 9.667000
846.178573421000010 0.139000 6.876000 7.015000
846.211608317000014 0.124000 8.298000 8.422000
846.244822264000049 0.134000 11.739000 11.873000
846.277955315999975 0.123000 13.953000 14.076000
846.311128263999990 0.178000 8.610000 8.788000
846.344398316000024 0.151000 8.424000 8.575000
846.377513212000053 0.164000 8.654000 8.818000
846.410686211999973 0.123000 8.874000 8.997000
846.443819368000050 0.139000 8.646000 8.785000
846.476993472999993 0.133000 10.412000 10.545000
846.510296681000000 0.179000 7.170000 7.349000
846.543412315999944 0.202000 8.446000 8.648000
846.576556264000033 0.156000 6.246000 6.402000
846.609684263999952 0.123000 5.682000 5.805000
846.642858523999962 0.125000 8.663000 8.788000
846.676031368000054 0.126000 8.478000 8.604000
846.709204264000050 0.138000 5.143000 5.281000
846.742449317000023 0.132000 11.189000 11.321000
846.775622732999977 0.135000 8.581000 8.716000
846.808774264000022 0.144000 9.212000 9.356000
846.841895263999959 0.143000 6.678000 6.821000
846.875165315999993 0.134000 9.207000 9.341000
846.908330419999970 0.147000 11.633000 11.780000
846.941424264000034 0.147000 13.934000 14.081000
846.974717263999992 0.213000 10.963000 11.176000
847.007803450999972 0.180000 10.831000 11.011000
847.040934315999948 0.183000 13.159000 13.342000
847.074107368000000 0.147000 12.299000 12.446000
847.107280316000015 0.000000 12.179000 12.179000
847.140452316000051 0.204000 12.003000 12.207000
847.173665315999983 0.149000 9.702000 9.851000
847.239972889000001 0.298000 10.165000 10.463000
847.273243212000011 0.137000 9.312000 9.449000
847.306401420000043 0.140000 12.776000 12.916000
847.339588473000049 0.143000 7.123000 7.266000
847.372663419999981 0.128000 5.888000 6.016000
847.405836212000054 0.151000 4.214000 4.365000
847.438945669999953 0.157000 6.303000 6.460000
847.472245670000007 0.153000 5.987000 6.140000
847.505372670000042 0.140000 6.676000 6.816000
847.538544669999965 0.139000 7.992000 8.131000
847.571639138000023 0.147000 4.436000 4.583000
847.604811775000030 0.153000 2.995000 3.148000
847.637984618000019 0.136000 4.615000 4.751000
847.671195826000030 0.157000 3.593000 3.750000
847.704331701000001 0.142000 5.106000 5.248000
847.737504066000042 0.142000 5.311000 5.453000
847.770621786999982 0.131000 5.502000 5.633000
847.803794786000026 0.139000 6.224000 6.363000
847.837009889999990 0.197000 8.715000 8.912000
847.870143786999961 0.185000 4.843000 5.028000
847.903388786000050 0.142000 4.976000 5.118000
847.936570837999966 0.148000 4.505000 4.653000
847.969657629000039 0.129000 3.675000 3.804000
848.002943099000049 0.150000 6.227000 6.377000
848.036048786000038 0.137000 2.719000 2.856000
848.069180838999955 0.145000 1.940000 2.085000
848.102445658999955 0.144000 3.790000 3.934000
848.135620554999946 0.137000 6.646000 6.783000
848.168754763000038 0.132000 4.955000 5.087000
848.201925607000021 0.139000 5.750000 5.889000
848.235099555000033 0.141000 5.678000 5.819000
848.268364640999948 0.156000 4.642000 4.798000
848.301533745000029 0.135000 4.064000 4.199000
848.334708006000028 0.134000 4.785000 4.919000
848.367840588000035 0.131000 7.298000 7.429000
848.401058692999982 0.139000 2.428000 2.567000
848.434232693000013 0.221000 2.230000 2.451000
848.467399796999985 0.195000 2.454000 2.649000
848.500572692999981 0.135000 2.584000 2.719000
848.533704693999994 0.126000 3.402000 3.528000
848.566877641000019 0.123000 5.126000 5.249000
848.600124640999979 0.137000 6.140000 6.277000
848.633336641000028 0.118000 4.753000 4.871000
848.666509744999985 0.131000 2.982000 3.113000
848.699998640999979 0.127000 2.121000 2.248000
848.732815848999962 0.121000 4.379000 4.500000
848.766062582000018 0.128000 7.726000 7.854000
848.799279633999959 0.124000 6.547000 6.671000
848.832408529999952 0.123000 8.744000 8.867000
848.865714841999988 0.130000 4.703000 4.833000
848.898832738000010 0.128000 4.692000 4.820000
848.931990431000031 0.120000 8.391000 8.511000
848.965207430999953 0.123000 4.009000 4.132000
848.998408796000035 0.129000 4.541000 4.670000
849.031596379000007 0.130000 9.068000 9.198000
849.064788326999974 0.129000 4.735000 4.864000
849.097937119999983 0.133000 5.484000 5.617000
849.131154120000019 0.129000 5.353000 5.482000
849.164283171999955 0.125000 6.292000 6.417000
849.197468171999958 0.132000 4.902000 5.034000
849.230627432000006 0.129000 6.633000 6.762000
849.263909371999944 0.151000 2.637000 2.788000
849.297171476000017 0.311000 2.300000 2.611000
849.330211476000045 0.000000 4.400000 4.400000
849.363523372000031 0.163000 6.174000 6.337000
849.396599476000006 0.000000 3.302000 3.302000
849.462982528999987 0.299000 2.293000 2.592000
849.529292101999999 0.121000 4.393000 4.514000
849.562427944999968 0.133000 5.469000 5.602000
849.628770423999981 0.251000 3.915000 4.166000
849.661951319999957 0.129000 4.223000 4.352000
849.695209320000004 0.135000 3.554000 3.689000
849.728389372000038 0.124000 2.033000 2.157000
849.761501528000053 0.000000 1.851000 1.851000
849.794633424000040 0.000000 3.894000 3.894000
849.827848476999975 0.144000 4.956000 5.100000
849.927326372000039 0.257000 6.290000 6.547000
849.960499320000054 0.177000 6.848000 7.025000
850.026844424000046 0.288000 3.584000 3.872000
850.060020372000054 0.000000 4.287000 4.287000
850.093189736999989 0.132000 5.346000 5.478000
850.126453476000052 0.121000 2.065000 2.186000
850.192708371999970 0.261000 4.087000 4.348000
850.225924372000009 0.137000 4.551000 4.688000
850.259055362000026 0.122000 2.085000 2.207000
850.292227580000031 0.136000 3.445000 3.581000
850.325502580000034 0.117000 4.933000 5.050000
850.358662527999968 0.177000 4.017000 4.194000
850.391745371999946 0.150000 6.012000 6.162000
850.424920423999993 0.000000 5.438000 5.438000
850.458093372000008 0.164000 4.633000 4.797000
850.491264423999951 0.135000 5.731000 5.866000
850.557610424000018 0.271000 3.989000 4.260000
850.590851423999993 0.129000 5.606000 5.735000
850.624036476000015 0.116000 3.773000 3.889000
850.657129424000004 0.121000 3.720000 3.841000
850.690305758000022 0.121000 3.556000 3.677000
850.723476152999979 0.126000 3.021000 3.147000
850.756691037999985 0.118000 3.733000 3.851000
850.789822737000009 0.129000 3.128000 3.257000
850.823089477000053 0.140000 3.625000 3.765000
850.856168424999964 0.136000 4.993000 5.129000
850.889343424000003 0.126000 3.129000 3.255000
850.922558372000026 0.143000 5.397000 5.540000
850.955728371999953 0.129000 4.163000 4.292000
850.988986424000018 0.131000 4.497000 4.628000
851.022049663999951 0.131000 4.275000 4.406000
851.055337664000035 0.162000 5.396000 5.558000
851.088453684999990 0.131000 5.571000 5.702000
851.121591529000057 0.134000 4.314000 4.448000
851.154724527999974 0.149000 4.398000 4.547000
851.187970933999964 0.136000 3.222000 3.358000
851.221219934000032 0.129000 3.599000 3.728000
851.254311246000043 0.142000 3.846000 3.988000
851.287552934000018 0.133000 4.284000 4.417000
851.320658039000023 0.134000 1.708000 1.842000
851.353927315999954 0.127000 1.440000 1.567000
851.387059055000009 0.139000 3.512000 3.651000
851.420232055000042 0.125000 5.175000 5.300000
851.453414106999958 0.131000 7.436000 7.567000
851.486578107000014 0.155000 9.709000 9.864000
851.519761315999972 0.196000 6.089000 6.285000
851.552970054999946 0.162000 8.950000 9.112000
851.586100054999974 0.155000 3.792000 3.947000
851.619310055000028 0.135000 4.421000 4.556000
851.652442106999956 0.139000 11.683000 11.822000
851.685688107000033 0.238000 11.829000 12.067000
851.718789210999944 0.189000 15.247000 15.436000
851.752030054999977 0.179000 14.064000 14.243000
851.785177106999981 0.158000 14.595000 14.753000
851.818308054999989 0.192000 10.974000 11.166000
851.851523107000048 0.202000 8.182000 8.384000
851.884654106999960 0.157000 7.606000 7.763000
851.917848055000036 0.144000 9.535000 9.679000
851.951000055000009 0.138000 11.453000 11.591000
851.984173055000042 0.144000 13.173000 13.317000
852.017328264999946 0.141000 12.260000 12.401000
852.050461212999949 0.140000 13.387000 13.527000
852.083643317999986 0.161000 12.430000 12.591000
852.116811213000005 0.162000 9.392000 9.554000
852.150024316999975 0.137000 11.952000 12.089000
852.183139411999946 0.139000 6.543000 6.682000
852.216266047999966 0.124000 8.947000 9.071000
852.249439204000055 0.187000 10.100000 10.287000
852.282658100000049 0.189000 12.205000 12.394000
852.315786204000005 0.175000 8.603000 8.778000
852.348986269999955 0.143000 6.123000 6.266000
852.382079062000003 0.137000 9.250000 9.387000
852.415254114000049 0.184000 7.199000 7.383000
852.448428145999969 0.158000 4.475000 4.633000
852.481598854000026 0.128000 3.482000 3.610000
852.514720684000054 0.144000 5.391000 5.535000
852.547892318999970 0.171000 5.532000 5.703000
852.581170370999985 0.149000 6.150000 6.299000
852.614238319000037 0.127000 10.664000 10.791000
852.647411370999976 0.124000 7.134000 7.258000
852.680518871999993 0.172000 8.218000 8.390000
852.713692079999987 0.170000 4.629000 4.799000
852.746945976000006 0.128000 6.382000 6.510000
852.780037976000017 0.127000 5.069000 5.196000
852.813209872000016 0.125000 10.320000 10.445000
852.846376263000025 0.131000 9.728000 9.859000
852.879506314999958 0.124000 7.230000 7.354000
852.912681367000005 0.128000 7.856000 7.984000
852.945892367000056 0.122000 7.719000 7.841000
852.979023263000045 0.126000 7.483000 7.609000
853.012239419000025 0.123000 6.199000 6.322000
853.045370419000051 0.151000 5.417000 5.568000
853.078584263000039 0.143000 5.734000 5.877000
853.111756524000043 0.166000 3.918000 4.084000
853.144935419000035 0.147000 4.143000 4.290000
853.178065263000008 0.147000 6.303000 6.450000
853.211280575000046 0.132000 5.770000 5.902000
853.244409472000029 0.183000 9.441000 9.624000
853.277621315000033 0.168000 7.766000 7.934000
853.310794367999961 0.167000 6.675000 6.842000
853.343932263000056 0.144000 9.073000 9.217000
853.377141210999980 0.147000 9.033000 9.180000
853.410274263000019 0.133000 4.091000 4.224000
853.443445210000050 0.133000 2.323000 2.456000
853.476659210999969 0.134000 5.194000 5.328000
853.509792210999990 0.138000 7.555000 7.693000
853.543006263000052 0.137000 6.339000 6.476000
853.576183262999962 0.164000 4.340000 4.504000
853.609358262999990 0.197000 8.826000 9.023000
853.642485263000026 0.149000 7.997000 8.146000
853.675583321999966 0.000000 7.040000 7.040000
853.708797477999951 0.210000 9.163000 9.373000
853.741929425999956 0.215000 5.699000 5.914000
853.808315478000054 0.276000 5.249000 5.525000
853.841449322000017 0.137000 4.951000 5.088000
853.874557267000000 0.000000 4.943000 4.943000
853.907730215000015 0.146000 4.653000 4.799000
853.940979474999949 0.143000 3.731000 3.874000
854.007247267000025 0.141000 11.108000 11.249000
854.040426735999972 0.130000 6.936000 7.066000
854.106767214999991 0.238000 5.965000 6.203000
854.139940724999974 0.135000 5.395000 5.530000
854.173113163000039 0.130000 5.455000 5.585000
854.206286319000014 0.161000 7.479000 7.640000
854.239459162999992 0.146000 8.469000 8.615000
854.272631163000028 0.000000 6.070000 6.070000
854.305897215999948 0.148000 6.085000 6.233000
854.339054371999964 0.127000 6.563000 6.690000
854.405323214999953 0.252000 8.594000 8.846000
854.438497829999960 0.134000 6.975000 7.109000
854.471669580000025 0.129000 10.705000 10.834000
854.504844163000030 0.000000 8.550000 8.550000
854.538021163000053 0.136000 6.212000 6.348000
854.571188267000025 0.000000 7.356000 7.356000
854.637533318999999 0.253000 11.033000 11.286000
854.703932103000056 0.251000 13.410000 13.661000
854.737102789999994 0.199000 9.878000 10.077000
854.770277738000004 0.000000 6.739000 6.739000
854.803449841999964 0.141000 6.190000 6.331000
854.836622894000016 0.140000 4.451000 4.591000
854.903120595000019 0.129000 7.554000 7.683000
854.936282699999992 0.128000 8.779000 8.907000
855.002644699000030 0.125000 9.320000 9.445000
855.035830783000051 0.130000 6.630000 6.760000
855.102084937999962 0.264000 10.022000 10.286000
855.135336326000015 0.138000 9.204000 9.342000
855.168510064999964 0.134000 6.285000 6.419000
855.201760065000030 0.135000 3.845000 3.980000
855.234943013000020 0.139000 6.320000 6.459000
855.268028064999953 0.119000 7.084000 7.203000
855.301284324999983 0.000000 4.604000 4.604000
855.334374065000020 0.129000 4.991000 5.120000
855.367547168999977 0.126000 5.625000 5.751000
855.433894012999986 0.258000 10.176000 10.434000
855.467108168999971 0.000000 9.142000 9.142000
855.500240064999957 0.125000 9.610000 9.735000
855.533412064999993 0.140000 6.936000 7.076000
855.599792116999993 0.354000 6.084000 6.438000
855.632932065999967 0.126000 9.285000 9.411000
855.666104012999995 0.133000 11.674000 11.807000
855.699278013000026 0.143000 9.069000 9.212000
855.732451326000046 0.129000 5.994000 6.123000
855.765624169000034 0.121000 4.601000 4.722000
855.798796168999957 0.126000 6.052000 6.178000
855.831970013000046 0.142000 5.537000 5.679000
855.865183012999978 0.131000 4.218000 4.349000
855.898315013000001 0.123000 5.287000 5.410000
855.931561064999983 0.124000 3.163000 3.287000
855.964678377000041 0.121000 5.806000 5.927000
855.997834012999988 0.129000 5.381000 5.510000
856.031070959999965 0.130000 5.656000 5.786000
856.064184066000053 0.205000 5.188000 5.393000
856.097357325999951 0.154000 5.212000 5.366000
856.130597221000016 0.141000 3.332000 3.473000
856.163699064999946 0.130000 4.143000 4.273000
856.196974719999957 0.000000 4.900000 4.900000
856.230100615999959 0.149000 5.858000 6.007000
856.263314668000021 0.139000 5.592000 5.731000
856.329666928000051 0.306000 5.174000 5.480000
856.362793615999976 0.235000 5.271000 5.506000
856.396021938999979 0.167000 3.382000 3.549000
856.429197188999979 0.137000 4.497000 4.634000
856.462410604999945 0.138000 4.292000 4.430000
856.495542000999990 0.151000 2.054000 2.205000
856.528714053000044 0.164000 1.854000 2.018000
856.562005147000036 0.152000 3.249000 3.401000
856.595110094999995 0.138000 4.851000 4.989000
856.628325990999997 0.129000 1.877000 2.006000
856.661536042999955 0.124000 2.007000 2.131000
856.694670095999982 0.127000 3.281000 3.408000
856.727842938999970 0.122000 8.789000 8.911000
856.761059251999995 0.148000 5.484000 5.632000
856.794148042999950 0.124000 3.146000 3.270000
856.827429198999994 0.122000 2.934000 3.056000
856.860494043000017 0.129000 1.903000 2.032000
856.893765134999967 0.138000 1.827000 1.965000
856.926898446999985 0.135000 3.172000 3.307000
856.960069925999960 0.141000 3.235000 3.376000
856.993282926000006 0.193000 2.584000 2.777000
857.026415978000045 0.156000 5.215000 5.371000
857.059589290999952 0.124000 3.273000 3.397000
857.092762447000041 0.128000 2.241000 2.369000
857.125982604000001 0.129000 1.957000 2.086000
857.159149654999965 0.123000 4.261000 4.384000
857.192282082000020 0.131000 5.393000 5.524000
857.225453978000019 0.131000 4.765000 4.896000
857.258627874000013 0.152000 4.181000 4.333000
857.291799925999953 0.167000 4.131000 4.298000
857.325052093999943 0.145000 2.929000 3.074000
857.358186979000038 0.166000 2.116000 2.282000
857.391368030999956 0.143000 3.977000 4.120000
857.424491822000050 0.152000 4.714000 4.866000
857.457664821999970 0.183000 2.833000 3.016000
857.490837977999945 0.185000 2.564000 2.749000
857.524050873999954 0.157000 2.283000 2.440000
857.557184925999991 0.150000 2.549000 2.699000
857.590356926000027 0.136000 2.235000 2.371000
857.623529927000050 0.145000 2.152000 2.297000
857.656703031000006 0.198000 2.279000 2.477000
857.689875821999976 0.190000 4.571000 4.761000
857.723089822000020 0.151000 4.085000 4.236000
857.756222187000049 0.157000 2.847000 3.004000
857.789396186999966 0.146000 2.342000 2.488000
857.822567821999996 0.154000 2.534000 2.688000
857.855842927000026 0.146000 2.364000 2.510000
857.888914925999984 0.183000 2.299000 2.482000
857.922086978000038 0.138000 4.294000 4.432000
857.955260822000014 0.138000 3.739000 3.877000
857.988473030000023 0.131000 2.926000 3.057000
858.021606873999986 0.157000 2.439000 2.596000
858.054779134999990 0.149000 2.372000 2.521000
858.087996977999978 0.271000 2.317000 2.588000
858.121125873999972 0.157000 2.357000 2.514000
858.154298031000053 0.224000 2.092000 2.316000
858.187472342999968 0.153000 2.342000 2.495000
858.220645822000051 0.148000 2.140000 2.288000
858.253819487999976 0.139000 4.291000 4.430000
858.286992061999968 0.151000 3.816000 3.967000
858.320164030000001 0.123000 4.806000 4.929000
858.353335926000000 0.159000 2.639000 2.798000
858.386508874000015 0.145000 2.628000 2.773000
858.419721873999947 0.250000 2.906000 3.156000
858.452858707000019 0.128000 4.567000 4.695000
858.486036416000047 0.148000 5.331000 5.479000
858.519248853000022 0.118000 3.909000 4.027000
858.552374082000028 0.137000 2.336000 2.473000
858.585590270000012 0.122000 2.256000 2.378000
858.618719822000003 0.118000 2.126000 2.244000
858.651933822000046 0.122000 2.152000 2.274000
858.685106821999966 0.122000 2.106000 2.228000
858.718241270000021 0.114000 1.995000 2.109000
858.751412978999952 0.124000 1.954000 2.078000
858.784627821999948 0.117000 4.176000 4.293000
858.817798821999986 0.127000 3.872000 3.999000
858.850930822000009 0.124000 3.340000 3.464000
858.884105290999969 0.123000 1.974000 2.097000
858.917319227999997 0.117000 1.949000 2.066000
858.950449926000033 0.112000 2.313000 2.425000
858.983623822000027 0.121000 4.081000 4.202000
859.016795821999949 0.137000 4.335000 4.472000
859.050009498999998 0.126000 3.552000 3.678000
859.083181977999971 0.128000 2.015000 2.143000
859.116431978000037 0.127000 1.858000 1.985000
859.149488134999956 0.122000 1.785000 1.907000
859.182662186000016 0.123000 1.810000 1.933000
859.215834977999975 0.125000 3.873000 3.998000
859.249097082000048 0.139000 4.332000 4.471000
859.282180821999987 0.135000 3.743000 3.878000
859.315352925999946 0.123000 5.094000 5.217000
859.348526977999995 0.125000 6.446000 6.571000
859.381844821999948 0.153000 6.987000 7.140000
859.414873874000023 0.164000 4.404000 4.568000
859.448044925999966 0.145000 8.397000 8.542000
859.481298821999985 0.138000 5.337000 5.475000
859.514471874000037 0.123000 5.267000 5.390000
859.547648187000050 0.139000 8.151000 8.290000
859.580835237999963 0.130000 9.656000 9.786000
859.613914217999991 0.000000 12.867000 12.867000
859.647085874000027 0.142000 14.422000 14.564000
859.680257977999986 0.134000 22.665000 22.799000
859.746603821999997 0.265000 15.377000 15.642000
859.779777770000010 0.126000 12.202000 12.328000
859.813071769999965 0.137000 15.391000 15.528000
859.846141770000031 0.126000 14.340000 14.466000
859.879394926000032 0.166000 16.961000 17.127000
859.912468134000051 0.144000 15.186000 15.330000
859.945762081999987 0.142000 14.207000 14.349000
859.978929135000044 0.000000 13.707000 13.707000
860.012091081999984 0.148000 16.756000 16.904000
860.045168582999963 0.149000 15.831000 15.980000
860.111616821999974 0.297000 16.132000 16.429000
860.144681926999965 0.137000 11.059000 11.196000
860.177855821999970 0.136000 8.552000 8.688000
860.211115822000011 0.130000 13.638000 13.768000
860.244200822000039 0.140000 17.675000 17.815000
860.277423137000028 0.130000 10.975000 11.105000
860.310593469999958 0.132000 8.117000 8.249000
860.343806365999967 0.138000 9.813000 9.951000
860.377025523000043 0.146000 15.688000 15.834000
860.410112366000021 0.219000 13.407000 13.626000
860.443285522999986 0.169000 8.771000 8.940000
860.476584574999947 0.193000 23.938000 24.131000
860.509708521999983 0.000000 23.230000 23.230000
860.542886522999993 0.167000 20.698000 20.865000
860.575978417999977 0.186000 25.186000 25.372000
860.642325418000041 0.316000 32.337000 32.653000
860.675585365999950 0.186000 26.413000 26.599000
860.708709418000012 0.000000 8.400000 8.400000
860.741919574000008 0.170000 21.570000 21.740000
860.775058521999995 0.178000 5.694000 5.872000
860.841362365999998 0.285000 14.542000 14.827000
860.874534366000034 0.153000 3.376000 3.529000
860.907723366000027 0.131000 12.406000 12.537000
860.940884470000015 0.154000 4.808000 4.962000
860.974059366000006 0.000000 10.265000 10.265000
861.007304523000016 0.154000 15.095000 15.249000
861.040529573999947 0.165000 6.683000 6.848000
861.106777418999968 0.146000 13.821000 13.967000
861.139987625999993 0.152000 13.643000 13.795000
861.206265521999967 0.296000 5.883000 6.179000
861.239437365999947 0.138000 14.912000 15.050000
861.272610312999973 0.140000 6.531000 6.671000
861.305784470000049 0.123000 14.891000 15.014000
861.338998469999979 0.196000 6.248000 6.444000
861.372129522000023 0.147000 13.063000 13.210000
861.405342313999995 0.179000 7.298000 7.477000
861.438516469999968 0.161000 4.575000 4.736000
861.471722471000021 0.144000 11.615000 11.759000
861.504936469999961 0.144000 4.735000 4.879000
861.538064469999995 0.128000 13.820000 13.948000
861.571211521999999 0.144000 9.526000 9.670000
861.604341625999950 0.137000 5.778000 5.915000
861.637513521999949 0.128000 12.702000 12.830000
861.670686469999964 0.156000 11.241000 11.397000
861.703940522000039 0.141000 6.377000 6.518000
861.737077313999976 0.126000 6.441000 6.567000
861.770205366000027 0.117000 12.459000 12.576000
861.803379365999945 0.130000 4.233000 4.363000
861.836627366000016 0.129000 11.720000 11.849000
861.869798366000055 0.148000 7.008000 7.156000
861.902898146999974 0.000000 11.062000 11.062000
861.936073907000036 0.163000 4.775000 4.938000
861.969286656999998 0.135000 12.654000 12.789000
862.035590303000049 0.273000 6.698000 6.971000
862.068765678999966 0.122000 9.741000 9.863000
862.101981522999949 0.142000 4.036000 4.178000
862.135108521999996 0.125000 5.302000 5.427000
