# timestamp(s) tracking(ms) estimation(ms) total(ms)
601.488188229000002 2.326000 3.551000 5.877000
601.521289540999987 0.247000 4.439000 4.686000
601.554461489000005 0.145000 2.893000 3.038000
601.587708228999986 0.138000 2.814000 2.952000
601.620885436999970 0.126000 2.699000 2.825000
601.654025384999954 0.138000 2.817000 2.955000
601.687152332999972 0.136000 2.696000 2.832000
601.720325280999987 0.204000 2.838000 3.042000
601.753499593000015 0.139000 2.785000 2.924000
601.786671644999956 0.133000 2.845000 2.978000
601.819846540999947 0.132000 2.808000 2.940000
601.853093229000024 0.143000 2.796000 2.939000
601.886270280999952 0.135000 2.821000 2.956000
601.919387385000050 0.129000 2.925000 3.054000
601.952538437000044 0.121000 2.920000 3.041000
601.985786489000020 0.125000 2.898000 3.023000
602.018882177000023 0.121000 2.892000 3.013000
602.052058177000049 0.129000 3.102000 3.231000
602.085306229000025 0.143000 3.029000 3.172000
602.118484229000046 0.135000 2.912000 3.047000
602.151575280999964 0.173000 2.857000 3.030000
602.184749228999976 0.124000 3.028000 3.152000
602.218022281999993 0.121000 2.733000 2.854000
602.251165541999967 0.121000 2.796000 2.917000
602.284270332999995 0.118000 2.931000 3.049000
602.317442282000002 0.127000 2.660000 2.787000
602.350692280999965 0.126000 2.663000 2.789000
602.383872280999981 0.129000 2.603000 2.732000
602.416959489999954 0.113000 2.578000 2.691000
602.450137229000006 0.127000 2.525000 2.652000
602.483307541000045 0.121000 2.708000 2.829000
602.516561281000008 0.136000 2.585000 2.721000
602.549652541000000 0.125000 2.651000 2.776000
602.582930519999991 0.125000 2.599000 2.724000
602.616082645999995 0.128000 2.846000 2.974000
602.649172540999984 0.175000 2.648000 2.823000
602.682420645999969 0.185000 2.567000 2.752000
602.715561489000038 0.143000 2.529000 2.672000
602.748729228999991 0.129000 2.557000 2.686000
602.781902542000012 0.128000 2.559000 2.687000
602.815035229000046 0.121000 2.538000 2.659000
602.848252280999986 0.127000 2.303000 2.430000
602.881421166999985 0.128000 2.428000 2.556000
602.914595385999974 0.000000 2.377000 2.377000
602.947767280999983 0.144000 2.818000 2.962000
602.980901385000038 0.134000 2.538000 2.672000
603.047246541000050 0.142000 2.765000 2.907000
603.080458176999969 0.129000 2.354000 2.483000
603.113631384999962 0.131000 2.322000 2.453000
603.179979228999969 0.123000 3.225000 3.348000
603.213110228999994 0.126000 2.443000 2.569000
603.246325229000036 0.125000 2.268000 2.393000
603.312703332999945 0.136000 3.208000 3.344000
603.345804176999991 0.123000 2.536000 2.659000
603.379052228999967 0.252000 5.259000 5.511000
603.445322541999985 0.310000 2.940000 3.250000
603.478496281000048 0.128000 2.854000 2.982000
603.511668333999978 0.141000 2.721000 2.862000
603.544928333000030 0.127000 2.680000 2.807000
603.578016281000032 0.127000 2.513000 2.640000
603.611187281999946 0.122000 2.595000 2.717000
603.644433281000033 0.177000 2.719000 2.896000
603.677534281000021 0.135000 2.584000 2.719000
603.710707281000055 0.142000 2.475000 2.617000
603.743881228999953 0.123000 2.531000 2.654000
603.777055281000003 0.123000 2.455000 2.578000
603.810272332999944 0.126000 2.471000 2.597000
603.843400229000054 0.142000 2.437000 2.579000
603.876663386000018 0.119000 3.681000 3.800000
603.909745488999988 0.134000 2.590000 2.724000
603.942918229000043 0.126000 2.487000 2.613000
603.976170698000033 0.142000 2.621000 2.763000
604.009263333000035 0.150000 2.487000 2.637000
604.042437281000048 0.178000 2.642000 2.820000
604.075608228999954 0.140000 2.875000 3.015000
604.108828228999982 0.155000 2.618000 2.773000
604.141954281000039 0.137000 2.499000 2.636000
604.175127332999978 0.152000 2.589000 2.741000
604.208300228999974 0.131000 2.358000 2.489000
604.241475853999987 0.139000 3.150000 3.289000
604.274647229000038 0.132000 2.454000 2.586000
604.307820269999979 0.134000 2.442000 2.576000
604.341036000000031 0.129000 2.560000 2.689000
604.374167843999999 0.150000 2.521000 2.671000
604.407342771000003 0.140000 2.461000 2.601000
604.440587625000035 0.182000 2.724000 2.906000
604.473685333000049 0.206000 3.141000 3.347000
604.506930385000032 0.187000 2.836000 3.023000
604.540160333000017 0.168000 3.135000 3.303000
604.573204385000054 0.155000 2.533000 2.688000
604.606418280999947 0.151000 2.501000 2.652000
604.639550228999951 0.197000 2.667000 2.864000
604.672722228999987 0.179000 3.315000 3.494000
604.705991229000006 0.172000 2.273000 2.445000
604.739070280999954 0.138000 2.247000 2.385000
604.772371333000024 0.140000 3.677000 3.817000
604.805486489000032 0.000000 2.047000 2.047000
604.838659853999957 0.150000 2.047000 2.197000
604.871801280999989 0.167000 2.956000 3.123000
604.938182332999986 0.395000 7.258000 7.653000
604.971279489000040 0.167000 3.457000 3.624000
605.004530594000016 0.179000 2.721000 2.900000
605.037627229000009 0.186000 3.356000 3.542000
605.070895384999972 0.151000 2.437000 2.588000
605.103974905999962 0.135000 2.995000 3.130000
605.137145437999948 0.138000 3.664000 3.802000
605.170358332999967 0.174000 3.263000 3.437000
605.203490280999972 0.177000 2.184000 2.361000
605.236664281000003 0.136000 5.819000 5.955000
605.269880229000023 0.166000 2.660000 2.826000
605.303015280999944 0.139000 3.677000 3.816000
605.336182280999992 0.142000 2.734000 2.876000
605.369355229000007 0.132000 2.753000 2.885000
605.402529229000038 0.133000 2.756000 2.889000
605.435702280999976 0.169000 2.694000 2.863000
605.468915281000022 0.158000 2.645000 2.803000
605.502048281000043 0.129000 2.632000 2.761000
605.535222280999960 0.141000 2.555000 2.696000
605.568466281000042 0.136000 2.611000 2.747000
605.601567229000011 0.130000 2.662000 2.792000
605.634871009999983 0.132000 2.574000 2.706000
605.667956592999985 0.132000 2.722000 2.854000
605.701085488999979 0.129000 2.568000 2.697000
605.734336739000014 0.145000 2.528000 2.673000
605.767507739000052 0.126000 2.788000 2.914000
605.800606801999947 0.138000 2.600000 2.738000
605.833872738999958 0.139000 2.642000 2.781000
605.867059488999985 0.163000 3.462000 3.625000
605.900128489000053 0.160000 3.423000 3.583000
605.933297541000002 0.144000 2.468000 2.612000
605.966474436999988 0.139000 2.614000 2.753000
605.999685437000039 0.143000 2.445000 2.588000
606.032862228999988 0.130000 2.496000 2.626000
606.065988281000045 0.144000 2.543000 2.687000
606.099171229000035 0.136000 2.506000 2.642000
606.132384385000023 0.146000 2.447000 2.593000
606.165508281000029 0.141000 2.394000 2.535000
606.198775333999947 0.148000 2.420000 2.568000
606.231853176999948 0.140000 2.447000 2.587000
606.265026229000000 0.229000 2.677000 2.906000
606.298328332999972 0.207000 2.639000 2.846000
606.331373228999951 0.182000 2.433000 2.615000
606.364623333000054 0.161000 2.610000 2.771000
606.397809384999960 0.198000 2.724000 2.922000
606.430976104000024 0.185000 3.093000 3.278000
606.464111645999992 0.197000 2.709000 2.906000
606.497240010000041 0.271000 2.577000 2.848000
606.530421541999999 0.175000 2.386000 2.561000
606.563625333999994 0.146000 2.496000 2.642000
606.596797282000011 0.169000 2.541000 2.710000
606.629930229000024 0.174000 2.429000 2.603000
606.663143332999994 0.192000 3.140000 3.332000
606.696321228999977 0.206000 2.636000 2.842000
606.729449229000011 0.000000 2.297000 2.297000
606.762756229000047 0.208000 2.452000 2.660000
606.795873385000050 0.150000 2.458000 2.608000
606.862141281000049 0.189000 3.166000 3.355000
606.895354280999982 0.207000 2.796000 3.003000
606.928529436999952 0.225000 2.804000 3.029000
606.994878332999974 0.155000 2.745000 2.900000
607.028045333000023 0.178000 2.540000 2.718000
607.061178229000006 0.163000 2.495000 2.658000
607.127524228999960 0.361000 2.660000 3.021000
607.160742281000012 0.225000 2.972000 3.197000
607.193911281000055 0.200000 2.558000 2.758000
607.227085228999954 0.188000 2.363000 2.551000
607.260286229000030 0.152000 2.626000 2.778000
607.293499280999981 0.148000 2.580000 2.728000
607.326563229000044 0.162000 2.413000 2.575000
607.359737177000056 0.202000 2.551000 2.753000
607.392977541000050 0.000000 2.540000 2.540000
607.426166332999969 0.148000 2.354000 2.502000
607.459255228999950 0.151000 2.388000 2.539000
607.525601958000038 0.292000 2.811000 3.103000
607.558774280999955 0.149000 2.329000 2.478000
607.591947541999957 0.166000 2.523000 2.689000
607.625119489999975 0.000000 2.363000 2.363000
607.658293437999987 0.143000 2.464000 2.607000
607.691467645999978 0.151000 2.505000 2.656000
607.757816801999979 0.288000 2.718000 3.006000
607.790987541000050 0.148000 2.558000 2.706000
607.824242385000048 0.148000 2.479000 2.627000
607.857338385000048 0.000000 2.327000 2.327000
607.890505384999983 0.151000 2.368000 2.519000
607.923678593999966 0.141000 2.431000 2.572000
607.990022229000033 0.315000 2.833000 3.148000
608.023196228999950 0.141000 2.771000 2.912000
608.056370228999981 0.206000 2.552000 2.758000
608.089541229000019 0.198000 2.441000 2.639000
608.122754228999952 0.160000 2.363000 2.523000
608.155933228999970 0.146000 2.460000 2.606000
608.189061333000041 0.150000 2.424000 2.574000
608.222233280999944 0.155000 2.393000 2.548000
608.255448540999964 0.190000 2.528000 2.718000
608.288621229000000 0.150000 2.640000 2.790000
608.321793282000044 0.158000 2.481000 2.639000
608.354970592999962 0.144000 2.454000 2.598000
608.388139228999989 0.150000 2.692000 2.842000
608.421271229000013 0.163000 2.389000 2.552000
608.454485229000056 0.160000 2.486000 2.646000
608.487627229000054 0.146000 2.511000 2.657000
608.520830281000030 0.163000 2.472000 2.635000
608.554010177000009 0.133000 2.665000 2.798000
608.587136280999971 0.150000 2.631000 2.781000
608.620350228999996 0.157000 2.592000 2.749000
608.653524646000051 0.170000 2.554000 2.724000
608.686656229000050 0.153000 3.076000 3.229000
608.719910541999980 0.215000 3.190000 3.405000
608.753099228999986 0.176000 3.167000 3.343000
608.786223229000029 0.181000 2.976000 3.157000
608.819349438000017 0.181000 2.773000 2.954000
608.852521386000035 0.156000 2.766000 2.922000
608.885694334000050 0.155000 2.675000 2.830000
608.918867332999980 0.145000 2.618000 2.763000
608.952081488999966 0.136000 2.564000 2.700000
608.985213333000047 0.175000 2.866000 3.041000
609.018464386000005 0.154000 2.742000 2.896000
609.051559333000000 0.167000 2.853000 3.020000
609.084732333000034 0.145000 2.661000 2.806000
609.117904332999956 0.143000 2.813000 2.956000
609.151078280999968 0.165000 2.880000 3.045000
609.184251334000010 0.163000 2.888000 3.051000
609.217424282000025 0.156000 2.386000 2.542000
609.250597281999944 0.169000 5.448000 5.617000
609.283770280999988 0.162000 4.096000 4.258000
609.316942436999966 0.147000 5.184000 5.331000
609.350116333999949 0.154000 3.713000 3.867000
609.383289280999975 0.187000 5.027000 5.214000
609.416556228999980 0.217000 10.263000 10.480000
609.449636593000037 0.222000 10.017000 10.239000
609.482807280999964 0.231000 14.525000 14.756000
609.515981592999992 0.214000 14.664000 14.878000
609.549154281000028 0.175000 26.231000 26.406000
609.582402333999994 0.230000 26.621000 26.851000
609.615502280999976 0.201000 27.472000 27.673000
609.648715333000041 0.182000 25.292000 25.474000
609.682062195999947 0.196000 24.681000 24.877000
609.715109040000016 0.193000 20.411000 20.604000
609.748317091999979 0.168000 15.301000 15.469000
609.781450039999982 0.221000 12.576000 12.797000
609.814663143999951 0.220000 14.894000 15.114000
609.847920642999952 0.216000 9.752000 9.968000
609.881123644000013 0.205000 11.332000 11.537000
609.914265538999985 0.188000 9.281000 9.469000
609.947437746999981 0.215000 12.040000 12.255000
609.980655694999996 0.182000 10.491000 10.673000
610.013951484000017 0.176000 7.886000 8.062000
610.047085379999999 0.195000 6.474000 6.669000
610.080253275000018 0.222000 13.887000 14.109000
610.113427326999954 0.228000 9.734000 9.962000
610.146601483000040 0.203000 8.550000 8.753000
610.179897166000046 0.197000 8.037000 8.234000
610.213069958000005 0.242000 6.650000 6.892000
610.246243790999984 0.218000 7.419000 7.637000
610.279417738999996 0.165000 7.330000 7.495000
610.312590114000045 0.201000 9.045000 9.246000
610.345926798000050 0.170000 5.793000 5.963000
610.379129693999971 0.176000 8.330000 8.506000
610.412233475999983 0.187000 5.785000 5.972000
610.445452798000019 0.189000 5.709000 5.898000
610.478577954999992 0.164000 2.692000 2.856000
610.511874429000045 0.157000 7.430000 7.587000
610.545144690000029 0.186000 3.664000 3.850000
610.578220324999961 0.171000 3.046000 3.217000
610.611465376999945 0.167000 5.513000 5.680000
610.644566377000046 0.169000 5.703000 5.872000
610.677847117000056 0.164000 2.808000 2.972000
610.711019116999978 0.148000 3.949000 4.097000
610.744196513000020 0.202000 6.079000 6.281000
610.777369065000016 0.177000 2.892000 3.069000
610.810538221000002 0.157000 2.882000 3.039000
610.843806077999943 0.159000 2.671000 2.830000
610.876980182000011 0.146000 3.135000 3.281000
610.910153129000037 0.149000 2.225000 2.374000
610.943367076999948 0.142000 3.055000 3.197000
610.976499233000027 0.139000 5.469000 5.608000
611.009748375999948 0.155000 5.050000 5.205000
611.042922375999979 0.152000 7.389000 7.541000
611.076096792000044 0.153000 6.364000 6.517000
611.109268156999974 0.165000 7.072000 7.237000
611.142444375999958 0.139000 5.380000 5.519000
611.175613844000054 0.158000 2.735000 2.893000
611.208787531999974 0.147000 5.367000 5.514000
611.241961427999968 0.166000 5.155000 5.321000
611.275132428000006 0.158000 3.691000 3.849000
611.308306428000037 0.138000 2.545000 2.683000
611.341481376000047 0.140000 2.253000 2.393000
611.374652427999990 0.140000 2.345000 2.485000
611.407914000999995 0.141000 4.604000 4.745000
611.441039739999951 0.000000 6.929000 6.929000
611.474274104999949 0.172000 5.204000 5.376000
611.507460990000027 0.150000 3.229000 3.379000
611.573691740999948 0.381000 2.664000 3.045000
611.606906886000047 0.142000 4.909000 5.051000
611.640048094000008 0.145000 4.509000 4.654000
611.673249479999981 0.237000 6.353000 6.590000
611.706507162999969 0.000000 3.080000 3.080000
611.739719216000026 0.182000 5.329000 5.511000
611.772852006999983 0.175000 3.663000 3.838000
611.839198892000013 0.157000 7.985000 8.142000
611.872371058999988 0.000000 8.451000 8.451000
611.938880795000046 0.350000 8.358000 8.708000
612.005267055999980 0.204000 11.409000 11.613000
612.038445108000019 0.184000 7.924000 8.108000
612.104705742999954 0.353000 10.542000 10.895000
612.138014742999985 0.216000 8.893000 9.109000
612.171205478000047 0.204000 6.507000 6.711000
612.204398530000049 0.189000 9.162000 9.351000
612.237527426000042 0.190000 7.224000 7.414000
612.270696425999972 0.204000 4.683000 4.887000
612.303870530000040 0.149000 6.892000 7.041000
612.337164214000040 0.165000 5.893000 6.058000
612.370375161999959 0.000000 3.662000 3.662000
612.403550371000051 0.164000 2.390000 2.554000
612.436723110000003 0.156000 5.290000 5.446000
612.503029162999951 0.159000 6.591000 6.750000
612.536314768000011 0.178000 7.445000 7.623000
612.569534986999997 0.146000 4.829000 4.975000
612.635877247000053 0.293000 7.387000 7.680000
612.669006091000028 0.151000 11.526000 11.677000
612.702252038999973 0.145000 6.916000 7.061000
612.735482247000050 0.159000 6.078000 6.237000
612.768566194999948 0.177000 3.000000 3.177000
612.801832142999956 0.155000 7.503000 7.658000
612.834874987000035 0.192000 3.942000 4.134000
612.868114039000034 0.207000 7.161000 7.368000
612.901217091000035 0.188000 4.202000 4.390000
612.934424090999983 0.235000 5.673000 5.908000
612.967566227000020 0.190000 3.417000 3.607000
613.000739174000046 0.186000 6.845000 7.031000
613.033950402999949 0.183000 7.184000 7.367000
613.067111091000015 0.203000 7.873000 8.076000
613.100295039000002 0.176000 5.913000 6.089000
613.133468091000054 0.168000 8.001000 8.169000
613.166617039000016 0.162000 5.318000 5.480000
613.199816038999984 0.165000 7.631000 7.796000
613.232948039000007 0.211000 6.644000 6.855000
613.266162331000032 0.222000 5.727000 5.949000
613.299336091999976 0.164000 3.603000 3.767000
613.332466091000015 0.182000 4.997000 5.179000
613.365680090999945 0.159000 2.559000 2.718000
613.398912459000030 0.154000 2.308000 2.462000
613.432076510999991 0.153000 5.408000 5.561000
613.465250511000022 0.151000 5.676000 5.827000
613.498422823000055 0.160000 5.642000 5.802000
613.531638563000001 0.166000 5.827000 5.993000
613.564809614999945 0.147000 5.045000 5.192000
613.597982562999960 0.000000 5.715000 5.715000
613.631157135999956 0.144000 4.970000 5.114000
613.664415771999984 0.144000 4.904000 5.048000
613.730634510999948 0.226000 6.296000 6.522000
613.763807510999982 0.178000 6.862000 7.040000
613.830153500000051 0.304000 4.442000 4.746000
613.863326563999976 0.139000 6.799000 6.938000
613.896499771999970 0.143000 3.393000 3.536000
613.929671927999948 0.136000 2.330000 2.466000
613.962846032000016 0.153000 5.152000 5.305000
613.996019969000031 0.141000 4.558000 4.699000
614.029193865000025 0.153000 4.704000 4.857000
614.062364666999997 0.203000 3.364000 3.567000
614.095594344999995 0.182000 4.445000 4.627000
614.128711293000038 0.176000 3.944000 4.120000
614.161883459000023 0.249000 5.087000 5.336000
614.195057510999959 0.180000 4.717000 4.897000
614.228318718999958 0.179000 4.401000 4.580000
614.261489771000015 0.150000 4.926000 5.076000
614.294700397000042 0.147000 4.077000 4.224000
614.327861875000053 0.152000 4.199000 4.351000
614.360928177000005 0.200000 4.277000 4.477000
614.394145553000044 0.148000 4.317000 4.465000
614.427382395999985 0.167000 4.421000 4.588000
614.460503459000051 0.156000 3.190000 3.346000
614.493616459000009 0.151000 5.016000 5.167000
614.526787459000047 0.203000 2.851000 3.054000
614.559960458999967 0.169000 6.293000 6.462000
614.593133459000001 0.207000 3.605000 3.812000
614.626388683999949 0.164000 2.505000 2.669000
614.659559788000024 0.206000 4.782000 4.988000
614.692732943999999 0.168000 2.866000 3.034000
614.725944580000032 0.157000 2.641000 2.798000
614.759078631999955 0.159000 5.206000 5.365000
614.792253631999984 0.000000 4.936000 4.936000
614.825427945000001 0.179000 2.593000 2.772000
614.858637893000036 0.154000 2.636000 2.790000
614.924942579999993 0.356000 6.259000 6.615000
614.958198631999949 0.204000 5.720000 5.924000
614.991359632000012 0.176000 2.503000 2.679000
615.024529683999958 0.000000 2.480000 2.480000
615.057635684000047 0.229000 2.282000 2.511000
615.090807735999988 0.175000 5.081000 5.256000
615.157154632000015 0.161000 9.926000 10.087000
615.190367893000030 0.000000 5.300000 5.300000
615.256672632000004 0.377000 7.483000 7.860000
615.323018683999976 0.332000 9.458000 9.790000
615.356273789000056 0.166000 10.459000 10.625000
615.389366632000019 0.189000 7.368000 7.557000
615.422538632000055 0.182000 4.872000 5.054000
615.455710840000052 0.173000 5.112000 5.285000
615.488883579000003 0.157000 5.916000 6.073000
615.522163579999983 0.150000 5.744000 5.894000
615.555230735999999 0.151000 9.138000 9.289000
615.588402840999947 0.147000 3.934000 4.081000
615.621576632000028 0.139000 5.981000 6.120000
615.654788631999963 0.151000 3.832000 3.983000
615.687923736000016 0.137000 5.021000 5.158000
615.721372631999998 0.156000 6.871000 7.027000
615.754268683999953 0.140000 8.460000 8.600000
615.787441736000005 0.152000 7.074000 7.226000
615.820615631999999 0.139000 4.320000 4.459000
615.853787839999995 0.146000 6.715000 6.861000
615.886960683999973 0.139000 8.268000 8.407000
615.920211632000019 0.143000 9.120000 9.263000
615.953306257000008 0.147000 7.269000 7.416000
615.986481580000031 0.146000 4.194000 4.340000
616.019655579999949 0.132000 5.702000 5.834000
616.052826685000014 0.145000 7.916000 8.061000
616.085944119000033 0.148000 5.879000 6.027000
616.119116015000031 0.152000 7.472000 7.624000
616.152395222999985 0.155000 5.030000 5.185000
616.185509171000035 0.141000 7.158000 7.299000
616.218635962999997 0.219000 7.201000 7.420000
616.251846118999993 0.209000 2.845000 3.054000
616.284983326999964 0.149000 4.600000 4.749000
616.318200962999981 0.183000 3.914000 4.097000
616.351327963000017 0.158000 3.831000 3.989000
616.384499066999979 0.150000 3.615000 3.765000
616.417625472000054 0.143000 2.328000 2.471000
616.450797471999977 0.148000 4.207000 4.355000
616.484010525000031 0.156000 4.196000 4.352000
616.517145679999999 0.140000 4.046000 4.186000
616.550316576000000 0.137000 3.533000 3.670000
616.583489471999997 0.167000 5.177000 5.344000
616.616735523999978 0.148000 4.667000 4.815000
616.649966733000042 0.165000 3.441000 3.606000
616.683009784999967 0.145000 3.014000 3.159000
616.716223785000011 0.149000 2.868000 3.017000
616.749356712000008 0.158000 4.354000 4.512000
616.782604524000021 0.155000 3.322000 3.477000
616.815872472000024 0.153000 3.183000 3.336000
616.848982471999989 0.227000 3.144000 3.371000
616.882080784999971 0.187000 2.784000 2.971000
616.915219524000008 0.143000 2.645000 2.788000
616.948435420000010 0.130000 2.759000 2.889000
616.981648471999961 0.135000 2.705000 2.840000
617.014741471999969 0.131000 2.691000 2.822000
617.048003472000005 0.138000 2.702000 2.840000
617.081122471999947 0.136000 2.647000 2.783000
617.114362472000039 0.143000 2.551000 2.694000
617.147433471999989 0.131000 2.617000 2.748000
617.180605472000025 0.137000 2.612000 2.749000
617.213781523999955 0.138000 2.762000 2.900000
617.246951471999978 0.141000 2.699000 2.840000
617.280122628999948 0.135000 2.675000 2.810000
617.313298607999968 0.145000 2.646000 2.791000
617.346468523999988 0.127000 2.799000 2.926000
617.379641472000003 0.129000 2.613000 2.742000
617.412813523999944 0.135000 2.739000 2.874000
617.446027731999948 0.153000 3.141000 3.294000
617.479160628000045 0.257000 4.233000 4.490000
617.512381419999997 0.188000 3.517000 3.705000
617.545574471999998 0.142000 4.369000 4.511000
617.578678523999997 0.143000 3.401000 3.544000
617.611948524000013 0.158000 3.258000 3.416000
617.645026523999945 0.142000 2.689000 2.831000
617.678240471999970 0.139000 2.701000 2.840000
617.711371576000033 0.135000 2.665000 2.800000
617.744586472000037 0.144000 2.553000 2.697000
617.777716783999949 0.135000 2.621000 2.756000
617.810893419999957 0.134000 2.506000 2.640000
617.844141523999951 0.141000 2.255000 2.396000
617.877363523999975 0.125000 2.569000 2.694000
617.910512523999955 0.154000 2.657000 2.811000
617.943583472000000 0.127000 4.274000 4.401000
617.976755472000036 0.148000 3.009000 3.157000
618.009968471999969 0.134000 3.911000 4.045000
618.043101628000045 0.149000 4.914000 5.063000
618.076273524000044 0.133000 2.801000 2.934000
618.109487732000048 0.133000 3.043000 3.176000
618.142661461999978 0.129000 3.238000 3.367000
618.175792784000009 0.137000 2.789000 2.926000
618.209007982000003 0.131000 2.664000 2.795000
618.242138523999984 0.139000 2.623000 2.762000
618.275312524000014 0.125000 3.342000 3.467000
618.308484575999955 0.145000 2.737000 2.882000
618.341658471999949 0.133000 2.659000 2.792000
618.374831471999983 0.154000 2.561000 2.715000
618.408043627999973 0.145000 2.569000 2.714000
618.441177785000036 0.142000 2.863000 3.005000
618.474351045000049 0.136000 2.451000 2.587000
618.507524826000008 0.135000 2.470000 2.605000
618.540709889000027 0.130000 2.689000 2.819000
618.573913471999958 0.138000 2.723000 2.861000
618.607042471999989 0.138000 2.830000 2.968000
618.640217524000036 0.139000 2.616000 2.755000
618.673388523999961 0.134000 2.415000 2.549000
618.706561680000050 0.143000 2.462000 2.605000
618.739776627999959 0.130000 2.599000 2.729000
618.772907627999984 0.163000 2.455000 2.618000
618.806172471999957 0.148000 2.510000 2.658000
618.839333575999945 0.136000 2.488000 2.624000
618.872467940999968 0.136000 2.729000 2.865000
618.905600471999946 0.134000 2.339000 2.473000
618.938773681000043 0.125000 2.440000 2.565000
618.972034627999960 0.132000 2.465000 2.597000
619.005120523999949 0.132000 2.284000 2.416000
619.038334471999974 0.169000 2.503000 2.672000
619.071465472000000 0.167000 2.377000 2.544000
619.104639784000028 0.159000 2.283000 2.442000
619.137853680000035 0.139000 2.407000 2.546000
619.170987523999997 0.147000 2.275000 2.422000
619.204281680999998 0.135000 2.247000 2.382000
619.237331523999956 0.151000 2.389000 2.540000
619.270504576000008 0.149000 2.280000 2.429000
619.303702576999967 0.152000 2.261000 2.413000
619.336850576999950 0.135000 2.315000 2.450000
619.370023523999976 0.135000 2.150000 2.285000
619.403196576000028 0.131000 2.243000 2.374000
619.436476576000018 0.139000 2.277000 2.416000
619.469543523999960 0.137000 2.214000 2.351000
619.502715524999985 0.000000 2.288000 2.288000
619.535984679999956 0.131000 2.306000 2.437000
619.569099097000048 0.000000 2.178000 2.178000
619.635405679999963 0.132000 2.510000 2.642000
619.701808462000031 0.268000 2.530000 2.798000
619.768188357999975 0.348000 2.765000 3.113000
619.801272680000011 0.195000 2.362000 2.557000
619.834495471999958 0.151000 2.293000 2.444000
619.867659472000014 0.131000 2.810000 2.941000
619.900791524000056 0.144000 3.273000 3.417000
619.934002784999961 0.169000 2.338000 2.507000
619.967135471999995 0.149000 2.358000 2.507000
620.000308575999952 0.158000 2.283000 2.441000
620.033481471999949 0.139000 2.224000 2.363000
620.066653629000029 0.145000 2.385000 2.530000
620.099827784000013 0.170000 2.274000 2.444000
620.133046472000046 0.188000 2.444000 2.632000
620.166217836999976 0.150000 2.284000 2.434000
620.199346837000007 0.000000 2.192000 2.192000
620.232519680999985 0.150000 2.270000 2.420000
620.265694888999974 0.000000 2.121000 2.121000
620.332110888999978 0.137000 3.013000 3.150000
620.398461868000027 0.355000 2.483000 2.838000
620.464745044999972 0.154000 2.617000 2.771000
620.497994200999983 0.144000 2.430000 2.574000
620.564250304999973 0.134000 2.642000 2.776000
620.597460733000048 0.119000 2.426000 2.545000
620.663808680999978 0.285000 2.627000 2.912000
620.696979888999977 0.207000 2.324000 2.531000
620.730193628000052 0.157000 2.317000 2.474000
620.763423783999997 0.142000 2.333000 2.475000
620.796461472000033 0.128000 2.319000 2.447000
620.829673731999947 0.133000 2.400000 2.533000
620.862847524000017 0.128000 2.386000 2.514000
620.895979524000040 0.125000 2.345000 2.470000
620.929152784000053 0.126000 2.340000 2.466000
620.962399472000016 0.118000 2.276000 2.394000
620.995497472000011 0.118000 2.287000 2.405000
621.028712472000052 0.137000 2.281000 2.418000
621.061890575999996 0.144000 2.352000 2.496000
621.095017471999995 0.183000 2.487000 2.670000
621.128318523999951 0.148000 2.296000 2.444000
621.161363524999956 0.130000 2.416000 2.546000
621.194607575999953 0.120000 2.273000 2.393000
621.227708732999986 0.126000 2.381000 2.507000
621.260886472000038 0.124000 2.451000 2.575000
621.294053733000055 0.124000 2.516000 2.640000
621.327228629000047 0.120000 2.559000 2.679000
621.360476471999959 0.126000 2.621000 2.747000
621.393574471999955 0.119000 2.380000 2.499000
621.426747471999988 0.132000 2.406000 2.538000
621.459960472000034 0.122000 2.536000 2.658000
621.493113472000005 0.125000 2.490000 2.615000
621.526306679999948 0.117000 2.693000 2.810000
621.559440472000006 0.136000 3.799000 3.935000
621.592684523999992 0.127000 3.252000 3.379000
621.625829471999964 0.126000 4.048000 4.174000
621.658958471999995 0.124000 5.776000 5.900000
621.692137472000013 0.164000 4.226000 4.390000
621.725435471999958 0.138000 5.055000 5.193000
621.758549680999977 0.136000 5.317000 5.453000
621.791651472000012 0.129000 2.793000 2.922000
621.824823472000048 0.125000 4.189000 4.314000
621.858037471999978 0.128000 3.222000 3.350000
621.891169472000001 0.128000 3.407000 3.535000
621.924384472000042 0.122000 3.406000 3.528000
621.957560420000050 0.218000 2.967000 3.185000
621.990687681000054 0.134000 3.222000 3.356000
622.023902575999955 0.166000 3.132000 3.298000
622.057034523999960 0.127000 3.161000 3.288000
622.090333524000016 0.127000 2.926000 3.053000
622.123512472000016 0.148000 2.871000 3.019000
622.156623471999978 0.123000 2.973000 3.096000
622.189853471999982 0.118000 2.810000 2.928000
622.222904419999963 0.127000 2.867000 2.994000
622.256157523999946 0.138000 2.849000 2.987000
622.289247523999961 0.134000 2.852000 2.986000
622.322417471999984 0.158000 2.784000 2.942000
622.355592524000031 0.129000 2.804000 2.933000
622.388764472000048 0.126000 2.790000 2.916000
622.421936680000044 0.130000 2.848000 2.978000
622.455111044999967 0.126000 2.724000 2.850000
622.488282575999960 0.133000 2.775000 2.908000
622.521456523999973 0.124000 2.882000 3.006000
622.554628524000009 0.130000 2.914000 3.044000
622.587887472000034 0.120000 2.881000 3.001000
622.620975472000055 0.126000 2.886000 3.012000
622.654147471999977 0.120000 2.867000 2.987000
622.687321576000045 0.137000 2.815000 2.952000
622.720595472000014 0.126000 2.735000 2.861000
622.753716575999988 0.121000 2.359000 2.480000
622.786840419999976 0.112000 4.086000 4.198000
622.820054472000038 0.158000 3.108000 3.266000
622.853190472000051 0.127000 3.832000 3.959000
622.886399419999975 0.137000 3.597000 3.734000
622.919535524000025 0.140000 4.157000 4.297000
622.952704524999945 0.120000 3.157000 3.277000
622.985953941000048 0.114000 4.055000 4.169000
623.019050524000022 0.124000 4.071000 4.195000
623.052224524000053 0.118000 3.859000 3.977000
623.085508472000015 0.125000 3.168000 3.293000
623.118641524000054 0.120000 4.312000 4.432000
623.151746524000032 0.126000 4.215000 4.341000
623.184918627999991 0.111000 5.964000 6.075000
623.218131471999982 0.117000 8.625000 8.742000
623.251301732999991 0.136000 7.232000 7.368000
623.284436627999980 0.130000 9.215000 9.345000
623.317652680000037 0.122000 10.221000 10.343000
623.350822629000049 0.159000 9.953000 10.112000
623.383994472000040 0.151000 8.465000 8.616000
623.417167575999997 0.115000 4.774000 4.889000
623.450302471999976 0.124000 10.848000 10.972000
623.483518419999996 0.136000 11.329000 11.465000
623.516646472000048 0.186000 10.200000 10.386000
623.549818471999970 0.152000 11.580000 11.732000
623.582992472000001 0.139000 9.939000 10.078000
623.616204472000049 0.142000 12.300000 12.442000
623.649380471999962 0.145000 11.705000 11.850000
623.682550524000021 0.161000 15.612000 15.773000
623.715725304999978 0.146000 10.883000 11.029000
623.748856523999962 0.147000 8.340000 8.487000
623.782070524000005 0.143000 7.567000 7.710000
623.815243524000039 0.160000 2.666000 2.826000
623.848416627999995 0.152000 3.125000 3.277000
623.881550471999958 0.153000 5.809000 5.962000
623.914722471999994 0.144000 3.864000 4.008000
623.947896472000025 0.148000 7.333000 7.481000
623.981068575999984 0.158000 5.642000 5.800000
624.014243471999976 0.160000 5.122000 5.282000
624.047413472000017 0.133000 5.599000 5.732000
624.080589575999966 0.143000 5.051000 5.194000
624.113821472000041 0.127000 7.030000 7.157000
624.146933472000001 0.127000 5.165000 5.292000
624.180177419999950 0.128000 4.582000 4.710000
624.213279887999988 0.136000 5.227000 5.363000
624.246539525000003 0.129000 3.696000 3.825000
624.279699420000043 0.185000 3.678000 3.863000
624.312799627999993 0.152000 2.644000 2.796000
624.345972576000008 0.141000 4.683000 4.824000
624.379146576000039 0.170000 2.868000 3.038000
624.412317627999983 0.132000 2.862000 2.994000
624.445490575999997 0.137000 2.368000 2.505000
624.478692472000034 0.139000 4.632000 4.771000
624.511976524000033 0.128000 4.068000 4.196000
624.545009471999947 0.127000 2.657000 2.784000
624.578270628000041 0.127000 2.394000 2.521000
624.611356472000011 0.117000 3.891000 4.008000
624.644592576000036 0.133000 4.546000 4.679000
624.677710420000039 0.154000 6.518000 6.672000
624.710874524000019 0.194000 3.593000 3.787000
624.744046575999960 0.153000 4.698000 4.851000
624.777229575999968 0.130000 2.246000 2.376000
624.810434784999984 0.137000 2.442000 2.579000
624.843642523999961 0.162000 2.198000 2.360000
624.876739627999996 0.128000 4.195000 4.323000
624.909912471999974 0.132000 4.276000 4.408000
624.943085576000044 0.127000 2.186000 2.313000
624.976327524999988 0.128000 5.166000 5.294000
625.009433471999955 0.231000 4.350000 4.581000
625.042606524000007 0.135000 3.149000 3.284000
625.075778420000006 0.136000 4.229000 4.365000
625.108950420000042 0.201000 5.107000 5.308000
625.142123471999980 0.000000 2.743000 2.743000
625.175323097000046 0.130000 2.245000 2.375000
625.208510471999944 0.120000 1.973000 2.093000
625.274825523999993 0.268000 4.637000 4.905000
625.307993679999981 0.147000 4.019000 4.166000
625.341162471999951 0.136000 2.854000 2.990000
625.374334524000005 0.132000 2.163000 2.295000
625.407510524000031 0.136000 2.596000 2.732000
625.440680575999977 0.000000 2.163000 2.163000
625.473854523999989 0.171000 2.844000 3.015000
625.507096524999952 0.228000 4.489000 4.717000
625.573372733000042 0.364000 5.516000 5.880000
625.606622919999950 0.144000 2.577000 2.721000
625.639726524000025 0.181000 2.329000 2.510000
625.672891575999984 0.128000 2.530000 2.658000
625.706064783999977 0.176000 4.155000 4.331000
625.739239472000008 0.198000 4.715000 4.913000
625.772450471999946 0.159000 2.570000 2.729000
625.805625471999974 0.146000 1.906000 2.052000
625.838756472000000 0.129000 4.150000 4.279000
625.872020680999981 0.154000 3.358000 3.512000
625.905189575999998 0.144000 2.169000 2.313000
625.938317524000013 0.000000 2.190000 2.190000
625.971490577000054 0.147000 2.143000 2.290000
626.004662680000024 0.136000 2.007000 2.143000
626.070970524000018 0.252000 3.819000 4.071000
626.104216471999962 0.000000 3.696000 3.696000
626.137357471999962 0.149000 2.560000 2.709000
626.170485576000033 0.183000 2.238000 2.421000
626.236841524000056 0.154000 2.558000 2.712000
626.270005731999959 0.145000 1.900000 2.045000
626.336426523999990 0.246000 4.115000 4.361000
626.369598524000025 0.000000 7.794000 7.794000
626.402703628000040 0.153000 6.097000 6.250000
626.435873575999949 0.140000 2.274000 2.414000
626.502255472000002 0.288000 4.548000 4.836000
626.535434524000038 0.138000 4.558000 4.696000
626.568562681000003 0.132000 2.808000 2.940000
626.601808472000016 0.124000 4.595000 4.719000
626.634908472000006 0.128000 6.574000 6.702000
626.668172420000019 0.135000 2.291000 2.426000
626.701254523999978 0.136000 4.244000 4.380000
626.734427471999993 0.154000 3.480000 3.634000
626.767643524000050 0.134000 1.969000 2.103000
626.800773523999965 0.127000 4.597000 4.724000
626.833945524000001 0.166000 5.011000 5.177000
626.867198420000022 0.131000 3.129000 3.260000
626.900333472000057 0.141000 2.315000 2.456000
626.933506523999995 0.130000 1.903000 2.033000
626.966678576000049 0.130000 4.257000 4.387000
626.999802093999961 0.138000 5.494000 5.632000
627.032932041999970 0.133000 2.629000 2.762000
627.066195094000022 0.134000 3.031000 3.165000
627.099318990000029 0.124000 2.077000 2.201000
627.132492146999994 0.132000 2.072000 2.204000
627.165665042999990 0.125000 4.530000 4.655000
627.198797198999955 0.149000 6.793000 6.942000
627.231971145999978 0.146000 2.986000 3.132000
627.265143989999956 0.148000 5.331000 5.479000
627.298355990000005 0.137000 4.751000 4.888000
627.331425676999970 0.131000 4.889000 5.020000
627.364639572999977 0.130000 3.783000 3.913000
627.397812573000010 0.130000 2.513000 2.643000
627.430946728999970 0.127000 1.894000 2.021000
627.464195832999962 0.131000 1.751000 1.882000
627.497305170999994 0.120000 4.112000 4.232000
627.530411118999950 0.150000 4.406000 4.556000
627.563625171000012 0.127000 5.989000 6.116000
627.596798171000046 0.000000 3.385000 3.385000
627.629931380000016 0.143000 2.473000 2.616000
627.663104275000023 0.132000 6.873000 7.005000
627.729450171000053 0.260000 6.389000 6.649000
627.762624222999989 0.130000 5.732000 5.862000
627.795795171000009 0.126000 4.691000 4.817000
627.829050274999986 0.128000 4.797000 4.925000
627.862216483999987 0.124000 2.121000 2.245000
627.895399223000027 0.129000 4.198000 4.327000
627.928531171000031 0.133000 5.803000 5.936000
627.961661274999983 0.130000 5.564000 5.694000
627.994874483999979 0.000000 4.063000 4.063000
628.028055223000024 0.136000 2.103000 2.239000
628.061182379000002 0.140000 4.525000 4.665000
628.127613743999973 0.128000 6.831000 6.959000
628.160699690999991 0.132000 6.571000 6.703000
628.227045692000047 0.147000 7.546000 7.693000
628.260258535000048 0.127000 2.063000 2.190000
628.326564482999970 0.250000 4.552000 4.802000
628.359737430999985 0.000000 4.657000 4.657000
628.392911733999995 0.125000 4.699000 4.824000
628.426125306000017 0.132000 6.399000 6.531000
628.492472171000031 0.129000 6.362000 6.491000
628.525642327000014 0.154000 5.073000 5.227000
628.591988171000025 0.140000 4.619000 4.759000
628.625160274999985 0.128000 5.400000 5.528000
628.691469170999994 0.145000 4.370000 4.515000
628.724680274999969 0.135000 4.023000 4.158000
628.790986223000004 0.257000 9.467000 9.724000
628.824199274999955 0.126000 8.241000 8.367000
628.857331222999960 0.137000 3.016000 3.153000
628.890520274999972 0.124000 4.523000 4.647000
628.923678379999956 0.153000 9.588000 9.741000
628.956976274999988 0.138000 6.964000 7.102000
628.990025170999957 0.000000 5.538000 5.538000
629.023197170999993 0.158000 5.273000 5.431000
629.056453536000049 0.130000 4.568000 4.698000
629.122716742999955 0.287000 10.073000 10.360000
629.155890275000047 0.000000 10.919000 10.919000
629.189061327999980 0.154000 4.938000 5.092000
629.222236327000019 0.138000 6.220000 6.358000
629.288582223000049 0.345000 5.322000 5.667000
629.321754379000026 0.000000 4.526000 4.526000
629.354928275000020 0.151000 4.496000 4.647000
629.388100275000056 0.136000 3.662000 3.798000
629.454450222999981 0.141000 4.099000 4.240000
629.487620640000046 0.135000 8.373000 8.508000
629.554125691999957 0.139000 9.180000 9.319000
629.587184847999993 0.203000 6.261000 6.464000
629.653494941999952 0.160000 6.777000 6.937000
629.686791379000056 0.141000 3.331000 3.472000
629.753091171000051 0.141000 6.288000 6.429000
629.786177379000037 0.402000 5.683000 6.085000
629.819349223000017 0.193000 5.685000 5.878000
629.885790274999977 0.292000 4.183000 4.475000
629.918868118999967 0.143000 3.881000 4.024000
629.952041431999987 0.148000 4.391000 4.539000
629.985285275000024 0.000000 3.750000 3.750000
630.018465171000003 0.174000 5.475000 5.649000
630.051561275000040 0.136000 4.679000 4.815000
630.118015223000043 0.269000 5.166000 5.435000
630.151079275000029 0.146000 6.933000 7.079000
630.184197617999985 0.135000 4.987000 5.122000
630.217370773999960 0.000000 6.295000 6.295000
630.250543826000012 0.145000 5.113000 5.258000
630.283793775000049 0.145000 6.607000 6.752000
630.350067566000007 0.354000 7.757000 8.111000
630.383307722000040 0.156000 4.770000 4.926000
630.416486618000022 0.140000 2.444000 2.584000
630.449629565999999 0.129000 1.783000 1.912000
630.482753670999955 0.000000 3.698000 3.698000
630.515926930999967 0.147000 5.866000 6.013000
630.549100773999953 0.137000 3.314000 3.451000
630.615445774000023 0.273000 4.406000 4.679000
630.648618670000019 0.138000 5.914000 6.052000
630.681832618000044 0.130000 2.216000 2.346000
630.714965617999951 0.132000 3.779000 3.911000
630.748207670000056 0.132000 5.590000 5.722000
630.781379774000015 0.000000 1.898000 1.898000
630.814485721999972 0.135000 6.356000 6.491000
630.847660775000008 0.134000 5.686000 5.820000
630.914003618000038 0.270000 3.333000 3.603000
630.947175617999960 0.136000 4.309000 4.445000
630.980349723000018 0.139000 7.181000 7.320000
631.013600721999978 0.000000 3.743000 3.743000
631.046695617999944 0.157000 5.413000 5.570000
631.079869827000039 0.145000 2.740000 2.885000
631.146291774000019 0.145000 3.845000 3.990000
631.179428669999993 0.000000 4.672000 4.672000
631.245733618000031 0.284000 7.655000 7.939000
631.312082775000022 0.319000 6.989000 7.308000
631.345337190999999 0.133000 2.730000 2.863000
631.378425721999974 0.144000 5.295000 5.439000
631.411597722000010 0.170000 8.108000 8.278000
631.444770618000007 0.153000 6.720000 6.873000
631.477985618000048 0.147000 4.566000 4.713000
631.511157617999970 0.174000 5.115000 5.289000
631.544291670000007 0.157000 4.859000 5.016000
631.577463035000051 0.176000 7.277000 7.453000
631.610636669999963 0.155000 3.372000 3.527000
631.643809242999964 0.152000 4.662000 4.814000
631.676979618000018 0.156000 5.565000 5.721000
631.710239722999972 0.192000 5.118000 5.310000
631.743328722999991 0.182000 5.612000 5.794000
631.776500670000019 0.240000 3.872000 4.112000
631.809674618000031 0.200000 9.294000 9.494000
631.842978722999987 0.190000 3.968000 4.158000
631.876022087000024 0.169000 3.831000 4.000000
631.909192670000039 0.187000 5.636000 5.823000
631.942406617999950 0.164000 4.214000 4.378000
631.975629669999989 0.174000 2.417000 2.591000
632.008713671000010 0.147000 2.060000 2.207000
632.041888618000030 0.145000 3.934000 4.079000
632.075061617999950 0.139000 4.178000 4.317000
632.108272618000001 0.141000 10.344000 10.485000
632.141446618000032 0.138000 5.061000 5.199000
632.174577669999962 0.145000 8.561000 8.706000
632.207823825999981 0.140000 6.553000 6.693000
632.240923825999971 0.139000 5.616000 5.755000
632.274096879000012 0.138000 3.843000 3.981000
632.307268669999985 0.133000 4.001000 4.134000
632.340502879000042 0.135000 6.052000 6.187000
632.373617721999949 0.189000 4.318000 4.507000
632.406790617999945 0.148000 4.380000 4.528000
632.440047617999994 0.144000 2.498000 2.642000
632.473135826999965 0.137000 2.463000 2.600000
632.506351774999985 0.184000 3.507000 3.691000
632.539466274999995 0.176000 3.653000 3.829000
632.572638327000050 0.181000 5.649000 5.830000
632.605901223000046 0.197000 5.296000 5.493000
632.639049326999952 0.146000 6.745000 6.891000
632.672193431999972 0.145000 5.409000 5.554000
632.705334224000012 0.170000 6.144000 6.314000
632.738463326999977 0.161000 5.700000 5.861000
632.771635170999957 0.143000 6.177000 6.320000
632.804809378999948 0.140000 5.957000 6.097000
632.837982274999945 0.135000 6.191000 6.326000
632.871276847999980 0.143000 3.103000 3.246000
632.904367690999948 0.138000 2.044000 2.182000
632.937542484000005 0.133000 2.037000 2.170000
632.970674786000018 0.136000 1.937000 2.073000
633.003849723000030 0.150000 3.617000 3.767000
633.037091412999985 0.187000 8.148000 8.335000
633.070209255999998 0.221000 3.641000 3.862000
633.103301308000027 0.236000 1.996000 2.232000
633.136474359999966 0.145000 3.686000 3.831000
633.169687307999993 0.144000 5.051000 5.195000
633.202821756000048 0.142000 2.385000 2.527000
633.235995860000003 0.000000 2.227000 2.227000
633.269166307999967 0.140000 1.861000 2.001000
633.302407463999998 0.140000 1.957000 2.097000
633.368726359999982 0.267000 2.081000 2.348000
633.401899412000034 0.129000 4.089000 4.218000
633.435071516999983 0.144000 5.167000 5.311000
633.468203308000056 0.000000 2.778000 2.778000
633.501377412000011 0.200000 2.521000 2.721000
633.534590256000001 0.000000 2.411000 2.411000
633.600936464000029 0.349000 2.396000 2.745000
633.667283568000016 0.326000 2.284000 2.610000
633.700415307999947 0.000000 4.006000 4.006000
633.733588465000025 0.164000 6.685000 6.849000
633.766767412000036 0.155000 4.258000 4.413000
633.833148517000041 0.128000 2.762000 2.890000
633.866320515999973 0.137000 2.368000 2.505000
633.899494359999949 0.142000 2.098000 2.240000
633.965840307999997 0.130000 2.399000 2.529000
633.999012568000012 0.135000 2.130000 2.265000
634.065319871000042 0.240000 2.263000 2.503000
634.098491244999991 0.129000 2.233000 2.362000
634.131663255000035 0.141000 2.012000 2.153000
634.164837777000002 0.000000 2.020000 2.020000
634.198115517000019 0.166000 4.709000 4.875000
634.231130422999968 0.150000 6.129000 6.279000
634.297476423000035 0.197000 5.986000 6.183000
634.330651755999952 0.158000 3.779000 3.937000
634.363822682999967 0.000000 2.043000 2.043000
634.430169403000036 0.327000 2.596000 2.923000
634.496512736000000 0.297000 2.654000 2.951000
634.529687308999996 0.135000 2.183000 2.318000
634.562861881999993 0.139000 2.104000 2.243000
634.596033100999989 0.000000 4.660000 4.660000
634.629205683999999 0.145000 4.938000 5.083000
634.662451683999961 0.145000 3.836000 3.981000
634.728725256999951 0.148000 2.961000 3.109000
634.761897413000042 0.140000 2.206000 2.346000
634.795196307999959 0.143000 2.309000 2.452000
634.861416578999979 0.131000 2.492000 2.623000
634.894589579000012 0.144000 2.351000 2.495000
634.927844308999966 0.138000 2.217000 2.355000
634.994110558999978 0.280000 5.125000 5.405000
635.027386735000050 0.147000 5.108000 5.255000
635.060462359999974 0.140000 2.441000 2.581000
635.093710786999964 0.135000 2.505000 2.640000
635.126912787000037 0.129000 2.108000 2.237000
635.160017047999986 0.135000 2.298000 2.433000
635.193264684000042 0.132000 2.163000 2.295000
635.226421578999975 0.129000 4.756000 4.885000
635.259494370999960 0.000000 5.067000 5.067000
635.292666578999956 0.132000 2.091000 2.223000
635.325877684000034 0.000000 1.995000 1.995000
635.392272370999990 0.272000 2.297000 2.569000
635.458532371000047 0.268000 5.133000 5.401000
635.491807291999976 0.138000 5.920000 6.058000
635.524979292000012 0.128000 3.119000 3.247000
635.558249395999951 0.000000 2.270000 2.270000
635.591431605000025 0.132000 2.265000 2.397000
635.624596500000052 0.134000 2.202000 2.336000
635.690954684999951 0.264000 6.725000 6.989000
635.724126789000024 0.155000 7.105000 7.260000
635.757378080999956 0.000000 8.169000 8.169000
635.790528685000027 0.163000 8.787000 8.950000
635.823646893000046 0.000000 5.064000 5.064000
635.890203556999950 0.167000 6.317000 6.484000
635.956461472999990 0.317000 7.851000 8.168000
636.022890421000056 0.153000 5.197000 5.350000
636.055983524999988 0.148000 11.112000 11.260000
636.122455317000004 0.140000 11.445000 11.585000
636.155625052000005 0.152000 5.864000 6.016000
636.188870209000015 0.166000 2.229000 2.395000
636.255142052999986 0.337000 2.565000 2.902000
636.288408104000041 0.147000 5.563000 5.710000
636.321488104999958 0.000000 6.054000 6.054000
636.354756514999963 0.156000 2.301000 2.457000
636.388015515000006 0.171000 2.050000 2.221000
636.454272618999994 0.364000 2.503000 2.867000
636.487446567000006 0.158000 5.603000 5.761000
636.520659670999976 0.216000 4.467000 4.683000
636.553877619999980 0.227000 3.196000 3.423000
636.586965619000011 0.000000 2.366000 2.366000
636.620232567000016 0.149000 2.183000 2.332000
636.653351671999985 0.144000 5.409000 5.553000
636.719654567000021 0.312000 6.168000 6.480000
636.752829567000049 0.169000 6.280000 6.449000
636.786002671999995 0.146000 6.020000 6.166000
636.819251619000056 0.169000 3.390000 3.559000
636.852390670999966 0.152000 3.078000 3.230000
636.885522670999990 0.168000 2.440000 2.608000
636.918736514999978 0.140000 3.102000 3.242000
636.952015514999971 0.000000 5.312000 5.312000
636.985041722999995 0.144000 7.401000 7.545000
637.018315660999974 0.151000 3.069000 3.220000
637.084600670999976 0.276000 2.197000 2.473000
637.117783566999947 0.145000 5.278000 5.423000
637.150906462999956 0.144000 7.835000 7.979000
637.184119567000039 0.143000 4.183000 4.326000
637.217337566999959 0.136000 2.921000 3.057000
637.250507567000000 0.132000 4.857000 4.989000
637.283598568000002 0.134000 3.734000 3.868000
637.316771515000028 0.154000 2.310000 2.464000
637.350024619000010 0.154000 2.427000 2.581000
637.383243619000041 0.133000 5.294000 5.427000
637.416369618999965 0.125000 4.995000 5.120000
637.449462618999974 0.138000 6.190000 6.328000
637.482635566999988 0.389000 7.996000 8.385000
637.515848670999958 0.000000 4.594000 4.594000
637.549021723999999 0.197000 5.155000 5.352000
637.582233620000011 0.140000 4.525000 4.665000
637.648625515000049 0.276000 6.764000 7.040000
637.681674515000054 0.136000 4.371000 4.507000
637.714872515000025 0.139000 7.551000 7.690000
637.748060463000002 0.164000 6.782000 6.946000
637.781193568000049 0.137000 6.230000 6.367000
637.814406879999979 0.144000 4.651000 4.795000
637.847669515000007 0.140000 4.836000 4.976000
637.880716347999964 0.134000 2.374000 2.508000
637.913889567999945 0.126000 3.394000 3.520000
637.947067566999976 0.124000 6.500000 6.624000
637.980278567000028 0.126000 6.111000 6.237000
638.013404566999952 0.125000 3.794000 3.919000
638.046578514999965 0.124000 6.972000 7.096000
638.079750515000001 0.132000 4.570000 4.702000
638.112922618999960 0.000000 7.331000 7.331000
638.146095566999975 0.143000 3.691000 3.834000
638.179310827999984 0.146000 5.533000 5.679000
638.245615566999959 0.272000 8.240000 8.512000
638.278865567000025 0.124000 5.832000 5.956000
638.311961567000026 0.148000 8.470000 8.618000
638.345134463000022 0.135000 4.337000 4.472000
638.378307618999997 0.139000 6.575000 6.714000
638.411480514999994 0.133000 6.132000 6.265000
638.444653671999959 0.162000 3.763000 3.925000
638.477866984000002 0.137000 5.833000 5.970000
638.510999879999986 0.160000 5.733000 5.893000
638.544212515000027 0.174000 4.293000 4.467000
638.577385514999946 0.187000 5.336000 5.523000
638.610566566999978 0.141000 3.551000 3.692000
638.643735619000040 0.145000 2.952000 3.097000
638.676863880000042 0.129000 6.326000 6.455000
638.710076514999969 0.135000 3.924000 4.059000
638.743210567000006 0.196000 4.566000 4.762000
638.776423515000033 0.000000 4.467000 4.467000
638.809596514999953 0.185000 5.503000 5.688000
638.842768671000044 0.148000 5.754000 5.902000
638.909074515000043 0.282000 5.512000 5.794000
638.942287462999957 0.133000 4.147000 4.280000
638.975463515000001 0.215000 4.895000 5.110000
639.008633566999947 0.177000 8.375000 8.552000
639.041892277999978 0.153000 8.026000 8.179000
639.075024278000001 0.139000 9.688000 9.827000
639.108198330000050 0.182000 5.132000 5.314000
639.141370434999999 0.173000 6.501000 6.674000
639.174543278999977 0.148000 6.240000 6.388000
639.207872729999963 0.171000 7.041000 7.212000
639.241036625999982 0.143000 7.080000 7.223000
639.274174625999990 0.277000 7.092000 7.369000
639.307347731000050 0.144000 2.819000 2.963000
639.340520626000057 0.167000 2.066000 2.233000
639.373781872999984 0.134000 1.993000 2.127000
639.406949977999943 0.140000 1.920000 2.060000
639.440124081000022 0.133000 2.304000 2.437000
639.473296872999981 0.160000 1.949000 2.109000
639.506468873000017 0.141000 2.694000 2.835000
639.539640975999987 0.172000 2.110000 2.282000
639.572814976000018 0.153000 2.130000 2.283000
639.605988976000049 0.167000 2.368000 2.535000
639.639202028000000 0.215000 2.229000 2.444000
639.672334871999965 0.150000 2.079000 2.229000
639.705509289000020 0.131000 2.110000 2.241000
639.738785496999981 0.140000 2.299000 2.439000
639.771856851000052 0.154000 2.095000 2.249000
639.805142704999980 0.180000 2.330000 2.510000
639.838293184999998 0.158000 2.131000 2.289000
639.871379549000039 0.147000 2.169000 2.316000
639.904642393000017 0.140000 2.340000 2.480000
639.937828820000050 0.139000 2.253000 2.392000
639.971003871999983 0.134000 2.493000 2.627000
640.004072872000052 0.141000 2.327000 2.468000
640.037343871999951 0.137000 2.373000 2.510000
640.070410975999948 0.133000 2.343000 2.476000
640.103671070000019 0.128000 2.899000 3.027000
640.136865872000044 0.133000 2.611000 2.744000
640.169932924000022 0.238000 2.692000 2.930000
640.203105080999990 0.138000 2.705000 2.843000
640.236278028000015 0.132000 2.622000 2.754000
640.269451976000028 0.128000 2.724000 2.852000
640.302625924000040 0.121000 2.723000 2.844000
640.335793820000049 0.124000 2.187000 2.311000
640.368968131999964 0.130000 2.164000 2.294000
640.402141392999965 0.136000 2.180000 2.316000
640.435314184000049 0.121000 2.123000 2.244000
640.468485029000021 0.129000 2.014000 2.143000
640.501658184000007 0.118000 2.080000 2.198000
640.534917976999964 0.135000 2.152000 2.287000
640.568083924000007 0.132000 2.112000 2.244000
640.601177924000012 0.000000 2.132000 2.132000
640.634352924000041 0.152000 2.323000 2.475000
640.667605028000025 0.130000 2.236000 2.366000
640.733869872000014 0.262000 2.333000 2.595000
640.767041975999973 0.132000 2.278000 2.410000
640.800342183999987 0.000000 2.027000 2.027000
640.833390871999995 0.121000 2.117000 2.238000
640.866603027999986 0.126000 2.870000 2.996000
640.932951081000056 0.277000 3.012000 3.289000
640.966079924000042 0.143000 2.491000 2.634000
640.999254133000022 0.163000 2.820000 2.983000
641.032496872000024 0.189000 2.457000 2.646000
641.065598925000018 0.170000 2.398000 2.568000
641.098772923999945 0.173000 2.506000 2.679000
641.131944871999963 0.151000 2.341000 2.492000
641.165124871999978 0.144000 2.764000 2.908000
641.198331820000021 0.195000 2.515000 2.710000
641.231508871999949 0.160000 2.428000 2.588000
641.264661253999975 0.157000 2.566000 2.723000
641.297843253999986 0.151000 2.404000 2.555000
641.330933201999983 0.161000 2.249000 2.410000
641.364149202000021 0.139000 2.248000 2.387000
641.397281150000026 0.142000 2.352000 2.494000
641.430454306000001 0.142000 2.294000 2.436000
641.463715357999945 0.200000 3.064000 3.264000
641.496800150000013 0.000000 2.603000 2.603000
641.529992202000017 0.170000 2.617000 2.787000
641.563216409999995 0.176000 2.612000 2.788000
641.629491253999959 0.291000 2.845000 3.136000
641.662663306000013 0.141000 2.359000 2.500000
641.695837202000007 0.141000 2.830000 2.971000
641.729010618999951 0.144000 2.394000 2.538000
641.762183410000034 0.145000 2.341000 2.486000
641.795400254000015 0.000000 2.235000 2.235000
641.828570191000040 0.133000 2.382000 2.515000
641.861702930999968 0.150000 2.241000 2.391000
641.928048567000019 0.259000 2.478000 2.737000
641.961221775000013 0.126000 2.361000 2.487000
641.994439253999985 0.135000 2.369000 2.504000
642.027609254000026 0.131000 2.374000 2.505000
642.060743409999986 0.134000 2.422000 2.556000
642.093914254999959 0.126000 2.454000 2.580000
642.127088306000019 0.153000 2.660000 2.813000
642.160304785999983 0.135000 2.621000 2.756000
642.193380941999976 0.137000 3.144000 3.281000
642.226600889999986 0.124000 2.662000 2.786000
642.259768838000014 0.150000 2.892000 3.042000
642.292967890999989 0.158000 2.737000 2.895000
642.326162099000044 0.206000 2.834000 3.040000
642.359244045999958 0.141000 2.734000 2.875000
642.392417994999960 0.142000 2.632000 2.774000
642.425594786000033 0.000000 2.438000 2.438000
642.458810047000043 0.131000 2.769000 2.900000
642.491972592000025 0.152000 2.697000 2.849000
642.558225383000035 0.155000 2.740000 2.895000
642.591398851999998 0.140000 2.588000 2.728000
642.657744383000022 0.135000 3.004000 3.139000
642.690918434999958 0.145000 3.144000 3.289000
642.724164383000016 0.129000 2.769000 2.898000
642.790436486999965 0.000000 2.772000 2.772000
642.823610486999996 0.154000 2.659000 2.813000
642.923128434999967 0.280000 3.181000 3.461000
642.956301487000019 0.127000 2.779000 2.906000
643.022686435999958 0.240000 3.082000 3.322000
643.055859643999952 0.137000 2.839000 2.976000
643.089076383000020 0.125000 2.838000 2.963000
643.122237539000025 0.159000 3.207000 3.366000
643.155415642999969 0.138000 3.065000 3.203000
643.188591435000035 0.128000 3.051000 3.179000
643.221686268999974 0.125000 3.069000 3.194000
643.254897747999962 0.145000 3.373000 3.518000
643.288031216000036 0.156000 3.198000 3.354000
643.321204060000014 0.165000 3.297000 3.462000
643.354377383000042 0.149000 3.144000 3.293000
643.387590487000011 0.152000 3.086000 3.238000
643.420722330999979 0.135000 3.117000 3.252000
643.453937486999962 0.000000 3.005000 3.005000
643.487109382999961 0.145000 3.468000 3.613000
643.520242539000037 0.304000 3.330000 3.634000
643.586588331000030 0.270000 3.379000 3.649000
643.619802382999978 0.129000 3.175000 3.304000
643.652968383000029 0.127000 3.022000 3.149000
643.686148486999969 0.125000 3.265000 3.390000
643.719210843000042 0.139000 3.256000 3.395000
643.752423894999993 0.141000 3.051000 3.192000
643.785598843000002 0.136000 2.966000 3.102000
643.818769843000041 0.138000 2.910000 3.048000
643.851902842999948 0.121000 2.890000 3.011000
643.885010868999984 0.134000 2.750000 2.884000
643.918223661999946 0.135000 2.599000 2.734000
643.951395714000000 0.129000 2.599000 2.728000
643.984572608999997 0.137000 2.531000 2.668000
644.017743504999999 0.131000 2.503000 2.634000
644.050828283999977 0.123000 2.461000 2.584000
644.084042439999962 0.129000 2.375000 2.504000
644.117306492000012 0.121000 2.494000 2.615000
644.150348440000016 0.132000 2.579000 2.711000
644.183520388000034 0.135000 2.590000 2.725000
644.216821492000008 0.130000 2.535000 2.665000
644.249864387999992 0.126000 2.720000 2.846000
644.283043283999973 0.129000 2.581000 2.710000
644.316289492000010 0.129000 2.547000 2.676000
644.349386387999971 0.152000 2.826000 2.978000
644.382558388999996 0.148000 2.863000 3.011000
644.415730492999955 0.144000 2.840000 2.984000
644.448903284000039 0.123000 2.774000 2.897000
644.482116440000027 0.126000 2.782000 2.908000
644.515326491999986 0.125000 3.163000 3.288000
644.548422336000044 0.149000 3.627000 3.776000
644.581726440000011 0.169000 2.865000 3.034000
644.614770335999992 0.128000 2.732000 2.860000
644.647949336000011 0.123000 2.890000 3.013000
644.681185283999980 0.166000 2.746000 2.912000
644.714331440000024 0.135000 2.524000 2.659000
644.747576387999970 0.000000 2.330000 2.330000
644.780635439999969 0.135000 2.403000 2.538000
644.813806544000045 0.126000 2.372000 2.498000
644.880154336000032 0.132000 2.572000 2.704000
644.913324440999986 0.123000 2.318000 2.441000
644.946499596999956 0.000000 2.268000 2.268000
645.012970376999988 0.399000 2.523000 2.922000
645.079191648000005 0.262000 2.742000 3.004000
645.112444544000027 0.133000 2.527000 2.660000
645.145642388000056 0.124000 2.452000 2.576000
645.178710388000013 0.138000 2.425000 2.563000
645.211985440000035 0.130000 2.293000 2.423000
645.245058336000056 0.136000 2.311000 2.447000
645.278352441000038 0.131000 2.414000 2.545000
645.311520232000021 0.156000 2.379000 2.535000
645.344578387999945 0.141000 2.448000 2.589000
645.377751387999979 0.135000 2.335000 2.470000
645.410964388000025 0.000000 2.355000 2.355000
645.444093336000037 0.158000 2.366000 2.524000
645.477266492000012 0.137000 2.477000 2.614000
645.543656491999968 0.257000 2.777000 3.034000
645.576856283999973 0.126000 2.594000 2.720000
645.609957387999998 0.131000 2.680000 2.811000
645.643130388000031 0.139000 2.663000 2.802000
645.676304491999986 0.147000 2.748000 2.895000
645.709517335999976 0.148000 3.596000 3.744000
645.742649595999978 0.000000 2.786000 2.786000
645.775949491999995 0.180000 3.161000 3.341000
645.809079647999965 0.154000 3.105000 3.259000
645.875343648000012 0.267000 3.073000 3.340000
645.908582335999995 0.138000 2.812000 2.950000
645.941688335999970 0.129000 3.027000 3.156000
645.974988169999961 0.130000 2.675000 2.805000
646.008074387999955 0.134000 3.027000 3.161000
646.041209492999997 0.218000 2.817000 3.035000
646.074383648999969 0.000000 2.599000 2.599000
646.107594388000052 0.160000 2.513000 2.673000
646.140725324999948 0.144000 2.597000 2.741000
646.207144752999966 0.124000 2.673000 2.797000
646.240245544000004 0.127000 2.487000 2.614000
646.273419586000045 0.119000 2.502000 2.621000
646.339897700000051 0.255000 2.663000 2.918000
646.372978949999947 0.147000 2.540000 2.687000
646.406111493000026 0.130000 2.459000 2.589000
646.472586388999957 0.250000 2.821000 3.071000
646.505669492000038 0.116000 2.578000 2.694000
646.538841596999987 0.120000 2.710000 2.830000
646.572020439999960 0.145000 2.661000 2.806000
646.605148544000031 0.154000 2.792000 2.946000
646.638264004000007 0.000000 2.539000 2.539000
646.671439107999959 0.138000 2.516000 2.654000
646.704680159999953 0.156000 2.455000 2.611000
646.770957004000024 0.256000 2.676000 2.932000
646.804130055999963 0.130000 2.412000 2.542000
646.837302108000017 0.131000 2.706000 2.837000
646.870476108000048 0.000000 2.428000 2.428000
646.903722003999974 0.129000 2.348000 2.477000
646.936910055999988 0.000000 2.390000 2.390000
647.003209004000041 0.223000 2.517000 2.740000
647.069514003999984 0.129000 2.468000 2.597000
647.102754003999962 0.115000 2.428000 2.543000
647.169035160000021 0.127000 2.610000 2.737000
647.202209003999997 0.165000 2.358000 2.523000
647.235382056000049 0.127000 2.233000 2.360000
647.301727368999991 0.121000 2.445000 2.566000
647.334898316000022 0.136000 2.212000 2.348000
647.401243003999980 0.130000 2.259000 2.389000
647.434417004000011 0.134000 2.188000 2.322000
647.467670367999972 0.128000 2.238000 2.366000
647.534036242999946 0.131000 2.310000 2.441000
647.567108264000012 0.127000 2.296000 2.423000
647.633495003999997 0.267000 2.443000 2.710000
647.666729056000008 0.176000 2.463000 2.639000
647.699885265000034 0.138000 2.354000 2.492000
647.733051108000041 0.141000 2.307000 2.448000
647.766227107999953 0.133000 2.259000 2.392000
647.799364212000000 0.000000 2.197000 2.197000
647.832534003999967 0.164000 2.278000 2.442000
647.865665003999993 0.151000 2.261000 2.412000
647.932011108999973 0.278000 2.263000 2.541000
647.965186160000030 0.134000 1.985000 2.119000
647.998429160000001 0.130000 1.930000 2.060000
648.031531004000044 0.130000 1.873000 2.003000
648.064707315999954 0.150000 1.994000 2.144000
648.097918004000007 0.138000 1.849000 1.987000
648.131049056000052 0.131000 2.014000 2.145000
648.164222952000046 0.135000 1.967000 2.102000
648.197468056000048 0.130000 1.999000 2.129000
648.230650316000037 0.121000 1.907000 2.028000
648.263782160000005 0.158000 1.877000 2.035000
648.296955213000047 0.137000 1.963000 2.100000
648.330127004000019 0.135000 1.689000 1.824000
648.363260317000027 0.135000 1.742000 1.877000
648.396434003999957 0.130000 1.678000 1.808000
648.429556588999958 0.132000 1.758000 1.890000
648.462729276999994 0.132000 1.681000 1.813000
648.495901225000011 0.141000 1.716000 1.857000
648.529074328999968 0.158000 1.823000 1.981000
648.562288276999993 0.141000 1.768000 1.909000
648.595461277000027 0.131000 1.781000 1.912000
648.628595516000019 0.128000 1.864000 1.992000
648.661767328999986 0.126000 1.821000 1.947000
648.694945276999988 0.132000 1.899000 2.031000
648.728154225000026 0.132000 2.082000 2.214000
648.761327276999964 0.153000 2.149000 2.302000
648.794499277000000 0.132000 2.229000 2.361000
648.827671277000036 0.142000 2.167000 2.309000
648.860805328999959 0.160000 2.305000 2.465000
648.894018433000042 0.132000 2.251000 2.383000
648.927076252999996 0.143000 2.237000 2.380000
648.960288253000044 0.147000 2.227000 2.374000
648.993462252999961 0.127000 2.176000 2.303000
649.026594565999972 0.131000 2.166000 2.297000
649.059768408999958 0.137000 2.110000 2.247000
649.092890402999956 0.151000 2.115000 2.266000
649.126064195000026 0.126000 2.006000 2.132000
649.159237403000020 0.135000 1.981000 2.116000
649.192408247000003 0.124000 2.054000 2.178000
649.225677819999987 0.130000 2.096000 2.226000
649.258755923999956 0.148000 2.164000 2.312000
649.291970506999974 0.152000 2.250000 2.402000
649.325173663999976 0.139000 2.214000 2.353000
649.358355508000045 0.130000 2.263000 2.393000
649.391526402999943 0.130000 2.310000 2.440000
649.424736298999960 0.145000 2.457000 2.602000
649.457847351000055 0.135000 2.411000 2.546000
649.490968027999998 0.140000 2.450000 2.590000
649.524143183999968 0.137000 2.582000 2.719000
649.557316184000001 0.134000 2.532000 2.666000
649.590488027999982 0.000000 2.483000 2.483000
649.623659610999994 0.138000 2.696000 2.834000
649.656927767999946 0.000000 2.710000 2.710000
649.723278080000000 0.274000 2.867000 3.141000
649.789531048999947 0.287000 3.753000 4.040000
649.822647610999979 0.149000 3.117000 3.266000
649.855820506999976 0.000000 2.918000 2.918000
649.888994662999949 0.000000 2.975000 2.975000
649.922167662999982 0.129000 2.955000 3.084000
650.021687903000043 0.279000 3.506000 3.785000
650.088029913000014 0.309000 3.495000 3.804000
650.121331819000034 0.000000 3.220000 3.220000
650.154375819000052 0.140000 3.122000 3.262000
650.187549923000006 0.128000 3.026000 3.154000
650.254024965999974 0.267000 3.113000 3.380000
650.287068912999985 0.144000 3.010000 3.154000
650.320241914000007 0.132000 3.073000 3.205000
650.353413924000051 0.139000 3.022000 3.161000
650.386585716000013 0.130000 3.012000 3.142000
650.419758714999944 0.134000 3.043000 3.177000
650.452932454999996 0.000000 3.007000 3.007000
650.486177818999977 0.000000 3.056000 3.056000
650.519358766999972 0.145000 3.084000 3.229000
650.618798746000039 0.443000 3.905000 4.348000
650.651970818999985 0.133000 3.371000 3.504000
650.685142507000023 0.146000 3.365000 3.511000
650.718414662999976 0.000000 3.629000 3.629000
650.751618559000008 0.178000 3.507000 3.685000
650.784661715999960 0.167000 3.709000 3.876000
650.851052913999979 0.286000 3.813000 4.099000
650.884228559000007 0.146000 3.572000 3.718000
650.917401559000041 0.000000 3.577000 3.577000
650.950527558999966 0.284000 3.607000 3.891000
650.983771507000029 0.145000 3.568000 3.713000
651.050118506999979 0.154000 3.900000 4.054000
651.083219715000041 0.147000 3.678000 3.825000
651.116433664000056 0.180000 3.821000 4.001000
651.182738506999954 0.144000 4.962000 5.106000
651.215912506999985 0.000000 4.214000 4.214000
651.282257610999977 0.391000 4.311000 4.702000
651.348603507000007 0.329000 4.127000 4.456000
651.381776507000041 0.141000 3.831000 3.972000
651.414992923000000 0.000000 3.477000 3.477000
651.448127766999960 0.134000 3.666000 3.800000
651.481299766999996 0.154000 3.661000 3.815000
651.547641506999980 0.143000 3.898000 4.041000
651.580815454999993 0.201000 4.232000 4.433000
651.647288506999985 0.161000 4.105000 4.266000
651.680416714999978 0.145000 3.917000 4.062000
651.746691819000034 0.284000 4.574000 4.858000
651.780023378999999 0.169000 4.137000 4.306000
651.813109222999969 0.198000 4.085000 4.283000
651.846280170000000 0.167000 4.259000 4.426000
651.879454858000031 0.176000 5.290000 5.466000
651.912626909999972 0.262000 5.068000 5.330000
651.945940650000011 0.198000 6.018000 6.216000
651.979071753999960 0.213000 5.250000 5.463000
652.012245701999973 0.213000 5.208000 5.421000
652.045532701999946 0.173000 4.693000 4.866000
652.078739754000026 0.158000 4.226000 4.384000
652.111917219000020 0.145000 4.089000 4.234000
652.145088220000048 0.145000 4.119000 4.264000
652.178331168000000 0.146000 3.926000 4.072000
652.211466011999960 0.179000 3.931000 4.110000
652.244646323999973 0.000000 3.649000 3.649000
652.278014356999961 0.146000 3.794000 3.940000
652.311026825999988 0.150000 3.607000 3.757000
652.377373045000013 0.140000 3.909000 4.049000
652.410617669999965 0.000000 3.577000 3.577000
652.476897566000048 0.293000 4.142000 4.435000
652.543379267999967 0.148000 4.043000 4.191000
652.576550215999987 0.147000 3.806000 3.953000
652.642858164000017 0.135000 3.825000 3.960000
652.676033050000001 0.000000 3.603000 3.603000
652.742460424999990 0.139000 3.898000 4.037000
652.808723321000002 0.140000 3.941000 4.081000
652.875106112000026 0.283000 4.024000 4.307000
652.941453163999995 0.138000 4.411000 4.549000
652.974586269000042 0.211000 5.018000 5.229000
653.040932111999950 0.362000 4.626000 4.988000
653.074217112000042 0.142000 4.085000 4.227000
653.107279216000052 0.149000 4.045000 4.194000
653.140532060000055 0.142000 3.919000 4.061000
653.173668111999973 0.140000 3.783000 3.923000
653.206840164000027 0.137000 3.900000 4.037000
653.240055215999973 0.134000 3.686000 3.820000
653.273142216999986 0.144000 3.612000 3.756000
653.306315164000011 0.151000 3.727000 3.878000
653.339489164000042 0.177000 2.968000 3.145000
653.372702373000038 0.131000 2.994000 3.125000
653.405879321000043 0.133000 2.976000 3.109000
653.439018319999946 0.134000 2.970000 3.104000
653.472257321000029 0.147000 2.989000 3.136000
653.505353163999985 0.151000 3.066000 3.217000
653.538571112000000 0.169000 2.977000 3.146000
653.571699112000033 0.151000 2.955000 3.106000
653.604913216999989 0.130000 2.909000 3.039000
653.638087111999994 0.135000 2.819000 2.954000
653.671222112000009 0.135000 2.854000 2.989000
653.704432321000013 0.178000 3.169000 3.347000
653.737608111999975 0.143000 2.946000 3.089000
653.770738112000004 0.143000 2.733000 2.876000
653.803911112000037 0.141000 2.692000 2.833000
653.837083111999959 0.138000 2.675000 2.813000
653.870256111999993 0.130000 2.634000 2.764000
653.903469215999962 0.150000 2.894000 3.044000
653.936643475999972 0.000000 2.822000 2.822000
653.969776685000056 0.150000 2.805000 2.955000
654.002989267999965 0.136000 2.874000 3.010000
654.069337111999971 0.284000 2.975000 3.259000
654.102468632999944 0.138000 2.808000 2.946000
654.135643217000052 0.131000 2.701000 2.832000
654.168813111999953 0.138000 2.675000 2.813000
654.202029164000010 0.137000 2.664000 2.801000
654.235161164000033 0.126000 2.908000 3.034000
654.268373163999968 0.164000 3.007000 3.171000
654.301505111999973 0.000000 3.210000 3.210000
654.334720216000051 0.190000 2.845000 3.035000
654.367853362000005 0.242000 2.948000 3.190000
654.434196945000053 0.202000 3.456000 3.658000
654.467390111999975 0.199000 3.153000 3.352000
654.533854320000046 0.285000 3.320000 3.605000
654.566890164000029 0.000000 2.813000 2.813000
654.600064216999954 0.168000 3.313000 3.481000
654.633236111999963 0.000000 2.800000 2.800000
654.699600321000048 0.344000 3.026000 3.370000
654.765929059999962 0.268000 3.501000 3.769000
654.799101319999977 0.243000 3.041000 3.284000
654.832368267999982 0.182000 3.027000 3.209000
654.865448258000015 0.216000 2.918000 3.134000
654.898621216000038 0.168000 2.911000 3.079000
654.931791215999965 0.156000 2.780000 2.936000
654.964966060000052 0.000000 2.545000 2.545000
654.998138216000029 0.165000 2.519000 2.684000
655.031312215999947 0.000000 2.459000 2.459000
655.097659674000056 0.303000 2.556000 2.859000
655.164078163999989 0.283000 2.560000 2.843000
655.197179215999995 0.144000 2.318000 2.462000
655.230444581000029 0.136000 2.188000 2.324000
655.263522215999956 0.149000 2.203000 2.352000
655.296784111999955 0.140000 2.261000 2.401000
655.329943060000005 0.146000 2.182000 2.328000
655.363126268999963 0.000000 2.334000 2.334000
655.396290111999974 0.153000 2.134000 2.287000
655.429390163999983 0.144000 2.276000 2.420000
655.495735164000052 0.314000 2.292000 2.606000
655.528907163999975 0.131000 2.097000 2.228000
655.562081164000006 0.156000 2.120000 2.276000
655.595254164000039 0.000000 1.956000 1.956000
655.628431320000004 0.138000 1.939000 2.077000
655.661599320000050 0.130000 1.846000 1.976000
655.727945737000027 0.263000 1.988000 2.251000
655.761118685000042 0.000000 1.710000 1.710000
655.794293831000005 0.130000 1.674000 1.804000
655.827465246999964 0.136000 1.546000 1.682000
655.893892398000048 0.132000 2.054000 2.186000
655.927076136999972 0.132000 2.013000 2.145000
655.960277106000035 0.126000 2.046000 2.172000
656.026582105999978 0.256000 2.598000 2.854000
656.059755106000011 0.139000 2.154000 2.293000
656.093041140999958 0.129000 2.174000 2.303000
656.126211193000017 0.129000 2.255000 2.384000
656.159344755999996 0.127000 2.208000 2.335000
656.192595807999965 0.130000 2.240000 2.370000
656.225693578999994 0.128000 2.097000 2.225000
656.258909348999964 0.138000 2.067000 2.205000
656.292038380000008 0.134000 2.112000 2.246000
656.325207192999983 0.138000 2.083000 2.221000
656.358422245000042 0.130000 2.070000 2.200000
656.391554244999952 0.137000 2.194000 2.331000
656.424768140999959 0.132000 2.120000 2.252000
656.457943193000006 0.136000 2.145000 2.281000
656.491072193000036 0.132000 2.064000 2.196000
656.524287244999982 0.135000 2.058000 2.193000
656.557418297000027 0.128000 2.066000 2.194000
656.590592193000020 0.133000 2.048000 2.181000
656.623765193000054 0.138000 2.064000 2.202000
656.657009193000022 0.131000 1.968000 2.099000
656.690188348999982 0.138000 1.808000 1.946000
656.723287296999956 0.129000 1.794000 1.923000
656.756456192999963 0.131000 1.870000 2.001000
656.789631504999988 0.153000 2.072000 2.225000
656.822803400999987 0.136000 2.024000 2.160000
656.855976349000002 0.159000 2.169000 2.328000
656.889149297000017 0.136000 2.033000 2.169000
656.922323401999961 0.144000 1.831000 1.975000
656.955496193000045 0.133000 1.879000 2.012000
656.988666505999959 0.147000 1.707000 1.854000
657.021882193000010 0.134000 1.660000 1.794000
657.055013454000004 0.186000 1.837000 2.023000
657.088187296999990 0.323000 1.672000 1.995000
657.121446245000016 0.156000 1.747000 1.903000
657.154573348999975 0.146000 1.864000 2.010000
657.187706193000054 0.133000 1.956000 2.089000
657.220878192999976 0.139000 1.965000 2.104000
657.254142245000025 0.152000 2.007000 2.159000
657.287271348999980 0.141000 1.830000 1.971000
657.320398453000053 0.147000 1.841000 1.988000
657.353571349000049 0.127000 2.032000 2.159000
657.386745349999956 0.126000 1.803000 1.929000
657.419916192999949 0.146000 1.757000 1.903000
657.453162453999994 0.140000 1.780000 1.920000
657.486264193000011 0.142000 1.772000 1.914000
657.519435348999991 0.135000 1.915000 2.050000
657.552684193000005 0.134000 1.708000 1.842000
657.585827193000000 0.139000 1.711000 1.850000
657.619012193000003 0.134000 1.774000 1.908000
657.652210244999992 0.137000 1.882000 2.019000
657.685302192999984 0.129000 2.135000 2.264000
657.718474298000046 0.130000 1.966000 2.096000
657.751595072999976 0.124000 1.995000 2.119000
657.784766968999975 0.137000 1.941000 2.078000
657.817984709000029 0.132000 1.969000 2.101000
657.851113812999984 0.147000 2.220000 2.367000
657.884286760999998 0.149000 2.115000 2.264000
657.917459813000050 0.181000 2.006000 2.187000
657.950674812999978 0.128000 1.931000 2.059000
657.983805708999967 0.138000 1.835000 1.973000
658.017018761000031 0.139000 1.752000 1.891000
658.050153761000047 0.137000 1.910000 2.047000
658.083326917000022 0.128000 1.720000 1.848000
658.116537865000055 0.139000 1.666000 1.805000
658.149671813000054 0.141000 1.618000 1.759000
658.182883760999971 0.140000 1.649000 1.789000
658.216015813000013 0.139000 1.616000 1.755000
658.249132485000018 0.136000 1.941000 2.077000
658.282308588999967 0.147000 1.871000 2.018000
658.315478484999971 0.137000 1.823000 1.960000
658.348692485000015 0.131000 1.970000 2.101000
658.381824537000057 0.138000 1.899000 2.037000
658.415038589999995 0.145000 2.118000 2.263000
658.448169849999999 0.140000 2.113000 2.253000
658.481342433000009 0.136000 2.087000 2.223000
658.514516536999963 0.136000 1.924000 2.060000
658.547776537000004 0.140000 1.890000 2.030000
658.580903537000040 0.131000 1.856000 1.987000
658.614035536999950 0.137000 1.823000 1.960000
658.647210484999960 0.138000 1.835000 1.973000
658.680421432999992 0.138000 1.852000 1.990000
658.713562589000048 0.134000 1.870000 2.004000
658.746709364000026 0.131000 1.886000 2.017000
658.779882040999951 0.127000 1.865000 1.992000
658.813054208000040 0.135000 1.933000 2.068000
658.846228311999994 0.170000 2.594000 2.764000
658.879361207999978 0.219000 2.306000 2.525000
658.912533155999995 0.166000 2.091000 2.257000
658.945747156000039 0.134000 2.129000 2.263000
658.978919312000016 0.140000 2.110000 2.250000
659.012053207999998 0.142000 2.024000 2.166000
659.045226156000012 0.237000 2.205000 2.442000
659.078405363999991 0.168000 2.285000 2.453000
659.111613207999994 0.158000 2.044000 2.202000
659.144789260000039 0.168000 2.108000 2.276000
659.177958207999950 0.142000 2.597000 2.739000
659.211091155999952 0.206000 2.632000 2.838000
659.244304155999998 0.191000 2.414000 2.605000
659.277478156000029 0.157000 2.217000 2.374000
659.310650207999970 0.149000 2.126000 2.275000
659.343783260000009 0.138000 2.316000 2.454000
659.376955260000045 0.151000 2.356000 2.507000
659.410130603999960 0.141000 2.307000 2.448000
659.443304760000046 0.165000 2.378000 2.543000
659.476476604000027 0.134000 2.387000 2.521000
659.509648926999944 0.136000 2.288000 2.424000
659.542822509999951 0.137000 2.579000 2.716000
659.575993519999997 0.156000 2.779000 2.935000
659.609169865000013 0.168000 2.726000 2.894000
659.642341280999972 0.187000 2.787000 2.974000
659.675512155999968 0.158000 2.624000 2.782000
659.708686364999949 0.148000 2.641000 2.789000
659.741861915999948 0.149000 2.621000 2.770000
659.775033760000042 0.148000 2.634000 2.782000
659.808205832999988 0.000000 2.605000 2.605000
659.841379666999956 0.155000 2.641000 2.796000
659.874683718000028 0.155000 2.712000 2.867000
659.940848698999957 0.292000 2.760000 3.052000
659.974098594999987 0.134000 2.548000 2.682000
660.007194699000024 0.000000 2.559000 2.559000
660.040469594999990 0.146000 2.625000 2.771000
660.073542595000049 0.146000 2.522000 2.668000
660.139885542999991 0.154000 3.034000 3.188000
660.173126594999985 0.000000 2.770000 2.770000
660.239403700000025 0.285000 3.030000 3.315000
660.305754543000035 0.358000 3.225000 3.583000
660.339039595000031 0.174000 2.991000 3.165000
660.372098167999980 0.000000 3.257000 3.257000
660.405271063999976 0.166000 3.165000 3.331000
660.438447512000039 0.153000 3.027000 3.180000
660.504870803000017 0.141000 3.180000 3.321000
660.537962855000046 0.127000 2.971000 3.098000
660.571077568999954 0.000000 2.987000 2.987000
660.637424829999986 0.144000 3.148000 3.292000
660.703767516999960 0.275000 3.321000 3.596000
660.770113465000009 0.304000 3.238000 3.542000
660.803286725000021 0.000000 3.097000 3.097000
660.836407591000011 0.137000 3.438000 3.575000
660.869619539000041 0.152000 4.185000 4.337000
660.936051434999968 0.404000 4.151000 4.555000
660.969140381999978 0.000000 3.734000 3.734000
661.002273164000030 0.191000 3.629000 3.820000
661.035513903000037 0.177000 3.150000 3.327000
661.101791381999988 0.141000 4.350000 4.491000
661.135038381999948 0.178000 4.060000 4.238000
661.201310174000014 0.212000 3.754000 3.966000
661.234503226000015 0.197000 3.728000 3.925000
661.267655330000025 0.454000 3.696000 4.150000
661.334078111000053 0.344000 3.486000 3.830000
661.367214080000053 0.137000 3.301000 3.438000
661.400392725999950 0.140000 3.219000 3.359000
661.433613402999981 0.169000 3.293000 3.462000
661.466639740000005 0.172000 3.635000 3.807000
661.499813792000054 0.168000 3.517000 3.685000
661.532985896000014 0.149000 3.804000 3.953000
661.566159104999997 0.000000 3.979000 3.979000
661.599375895999970 0.215000 4.880000 5.095000
661.632506895999995 0.250000 3.665000 3.915000
661.698851792000028 0.353000 3.667000 4.020000
661.732107843999984 0.158000 3.538000 3.696000
661.765197791999981 0.000000 3.288000 3.288000
661.798373677999962 0.142000 3.320000 3.462000
661.831586625999989 0.000000 3.451000 3.451000
661.897932240000046 0.279000 3.508000 3.787000
661.964330593999989 0.143000 3.579000 3.722000
661.997486833000039 0.135000 3.348000 3.483000
662.030588885000043 0.135000 3.409000 3.544000
662.097039354999993 0.136000 3.554000 3.690000
662.130198844000006 0.144000 3.514000 3.658000
662.163275573999954 0.140000 3.450000 3.590000
662.229660947999946 0.289000 3.727000 4.016000
662.262791897000056 0.143000 3.293000 3.436000
662.295965843999966 0.132000 3.267000 3.399000
662.329139843999997 0.129000 3.166000 3.295000
662.362311845000022 0.131000 3.140000 3.271000
662.395483792000050 0.000000 3.084000 3.084000
662.428657843999986 0.146000 3.191000 3.337000
662.461831896000035 0.145000 3.023000 3.168000
662.528278844000056 0.269000 4.035000 4.304000
662.561419845000046 0.185000 3.442000 3.627000
662.594616844000029 0.170000 3.142000 3.312000
662.627695000000017 0.139000 3.126000 3.265000
662.660869000000048 0.000000 3.078000 3.078000
662.694043000999955 0.132000 3.107000 3.239000
662.727254844999948 0.000000 3.004000 3.004000
662.793632947999981 0.136000 3.117000 3.253000
662.859948895999992 0.261000 3.134000 3.395000
662.926296792000016 0.269000 3.184000 3.453000
662.959426052000026 0.140000 3.333000 3.473000
662.992726896000022 0.171000 3.320000 3.491000
663.025857896000048 0.152000 3.359000 3.511000
663.058943999999997 0.153000 3.213000 3.366000
663.092193156999997 0.144000 3.180000 3.324000
663.125378949000037 0.160000 3.232000 3.392000
663.158464947999960 0.158000 3.173000 3.331000
663.191636792000054 0.147000 2.979000 3.126000
663.224808843999995 0.136000 2.993000 3.129000
663.258057155999950 0.132000 2.845000 2.977000
663.291202782000028 0.200000 2.923000 3.123000
663.324431572999970 0.148000 3.147000 3.295000
663.357505209000010 0.136000 2.897000 3.033000
663.390717947999974 0.137000 2.877000 3.014000
663.423889052000050 0.132000 2.876000 3.008000
663.457021897000004 0.136000 2.861000 2.997000
663.490326792000019 0.132000 2.880000 3.012000
663.523368522000055 0.147000 3.416000 3.563000
663.556542791999959 0.145000 3.049000 3.194000
663.589712844000019 0.141000 2.918000 3.059000
663.622886260999962 0.132000 2.875000 3.007000
663.656058791999953 0.207000 3.045000 3.252000
663.689230739999971 0.000000 2.819000 2.819000
663.722405259999960 0.134000 2.744000 2.878000
663.755577792000054 0.144000 2.890000 3.034000
663.821922792000009 0.271000 3.125000 3.396000
663.855095740000024 0.145000 2.815000 2.960000
663.888308791999975 0.144000 2.762000 2.906000
663.921482792000006 0.128000 2.689000 2.817000
663.954655792000040 0.144000 2.821000 2.965000
663.987830104999944 0.142000 2.733000 2.875000
664.020961791999980 0.130000 2.708000 2.838000
664.054135844000029 0.143000 2.876000 3.019000
664.087349843999959 0.164000 3.009000 3.173000
664.120479949000014 0.150000 2.710000 2.860000
664.153652844000021 0.162000 2.619000 2.781000
664.186826792000033 0.161000 2.547000 2.708000
664.220040791999963 0.137000 2.500000 2.637000
664.253177209000000 0.153000 2.514000 2.667000
664.286345792000020 0.133000 2.575000 2.708000
664.319559791999950 0.135000 2.551000 2.686000
664.352690844999984 0.136000 2.602000 2.738000
664.385910844000023 0.139000 2.605000 2.744000
664.419038792000038 0.148000 2.523000 2.671000
664.452211843999976 0.134000 2.460000 2.594000
664.485383844000012 0.141000 2.431000 2.572000
664.518557207999947 0.138000 2.362000 2.500000
664.551733259999992 0.132000 2.301000 2.433000
664.584906187000001 0.138000 2.315000 2.453000
664.618160052000007 0.000000 2.181000 2.181000
664.651380468999946 0.128000 2.262000 2.390000
664.684526052000024 0.145000 2.304000 2.449000
664.750780844000019 0.273000 2.498000 2.771000
664.783940895999990 0.207000 2.632000 2.839000
664.817113896000023 0.162000 2.662000 2.824000
664.850286052000001 0.162000 2.431000 2.593000
664.883459792000053 0.145000 3.221000 3.366000
664.916766896000013 0.196000 2.704000 2.900000
664.949805792000006 0.190000 2.545000 2.735000
664.982978843999945 0.158000 2.511000 2.669000
665.016150791999962 0.150000 2.445000 2.595000
665.049325001000057 0.000000 2.255000 2.255000
665.082497792000026 0.146000 2.318000 2.464000
665.115669791999949 0.138000 2.301000 2.439000
665.182017999999971 0.331000 2.366000 2.697000
665.215190260999975 0.145000 2.232000 2.377000
665.248447843999998 0.138000 2.226000 2.364000
665.281666000999962 0.145000 2.228000 2.373000
665.314776896000012 0.138000 2.880000 3.018000
665.347963843999992 0.205000 2.453000 2.658000
665.381184051999981 0.166000 2.296000 2.462000
665.414228792000017 0.137000 2.217000 2.354000
665.447400792000053 0.141000 2.255000 2.396000
665.480648896000048 0.143000 2.183000 2.326000
665.513746739999988 0.132000 2.253000 2.385000
665.546928792000017 0.133000 2.293000 2.426000
665.580091843999980 0.140000 2.200000 2.340000
665.613265896000030 0.136000 2.294000 2.430000
665.646438947999968 0.000000 2.244000 2.244000
665.679610791999949 0.132000 2.360000 2.492000
665.712861156000031 0.000000 2.306000 2.306000
665.779183895999950 0.284000 2.543000 2.827000
665.845518844000026 0.132000 2.574000 2.706000
665.878678843999978 0.132000 2.515000 2.647000
665.911895104999985 0.000000 2.464000 2.464000
665.978254105000019 0.298000 3.065000 3.363000
666.044519365000042 0.171000 2.945000 3.116000
666.077689188000022 0.138000 2.882000 3.020000
666.144037958000013 0.148000 2.837000 2.985000
666.177290104000008 0.144000 2.740000 2.884000
666.243554135999943 0.278000 3.648000 3.926000
666.276725843999998 0.158000 3.574000 3.732000
666.309897792000015 0.178000 3.541000 3.719000
666.343141209000009 0.161000 4.506000 4.667000
666.376285780999979 0.218000 4.168000 4.386000
666.409418989999949 0.193000 4.067000 4.260000
666.442589845000043 0.145000 3.760000 3.905000
666.475763895999989 0.000000 3.524000 3.524000
666.508935844000007 0.168000 3.509000 3.677000
666.542110948999948 0.137000 3.511000 3.648000
666.608529999999973 0.291000 3.711000 4.002000
666.641630000999953 0.155000 3.818000 3.973000
666.674810978999972 0.162000 3.648000 3.810000
666.708015843999988 0.166000 3.578000 3.744000
666.741192844000011 0.136000 3.430000 3.566000
666.774365844000044 0.173000 3.565000 3.738000
666.807579843999974 0.164000 3.524000 3.688000
666.840735895999956 0.170000 3.534000 3.704000
666.873940364999953 0.171000 3.409000 3.580000
666.907012896999959 0.144000 3.309000 3.453000
666.940224739999962 0.139000 3.405000 3.544000
666.973359844000015 0.161000 3.589000 3.750000
667.006636791999995 0.180000 3.616000 3.796000
667.039778896000030 0.152000 4.500000 4.652000
667.072877738999978 0.233000 4.177000 4.410000
667.106048895999947 0.175000 4.020000 4.195000
667.139223843999957 0.147000 3.247000 3.394000
667.172436791999985 0.131000 3.619000 3.750000
667.205643792000046 0.155000 3.493000 3.648000
667.238810791999981 0.138000 3.185000 3.323000
667.271985947999951 0.127000 3.100000 3.227000
667.305088844000011 0.125000 3.099000 3.224000
667.338302896999949 0.122000 3.034000 3.156000
667.371479843999964 0.119000 3.040000 3.159000
667.404611344000045 0.122000 3.061000 3.183000
667.437823156000036 0.123000 3.023000 3.146000
667.470954000000006 0.120000 3.020000 3.140000
667.504128365000042 0.116000 2.995000 3.111000
667.537300261000041 0.123000 2.968000 3.091000
667.570472521000056 0.121000 2.988000 3.109000
667.603733468999962 0.130000 3.018000 3.148000
667.636819468999988 0.000000 2.941000 2.941000
667.669993614999953 0.143000 3.024000 3.167000
667.703239104999966 0.125000 2.984000 3.109000
667.769525720000047 0.241000 3.118000 3.359000
667.802682843999946 0.137000 3.025000 3.162000
667.835870844000056 0.131000 2.928000 3.059000
667.869030146000000 0.127000 2.992000 3.119000
667.902204095000002 0.000000 2.917000 2.917000
667.935375843999964 0.131000 2.960000 3.091000
667.968590791999986 0.123000 2.987000 3.110000
668.034933791999947 0.117000 3.117000 3.234000
668.068067843999984 0.123000 2.927000 3.050000
668.134412844000053 0.123000 3.033000 3.156000
668.167587948000005 0.148000 3.085000 3.233000
668.234002843999974 0.247000 3.299000 3.546000
668.267107000999999 0.120000 3.125000 3.245000
668.300318791999985 0.124000 3.059000 3.183000
668.333451844000024 0.122000 3.147000 3.269000
668.366624000999991 0.124000 3.126000 3.250000
668.399797844999966 0.121000 3.111000 3.232000
668.432982791999962 0.121000 3.117000 3.238000
668.466184792000035 0.128000 3.095000 3.223000
668.499315843999966 0.000000 2.979000 2.979000
668.532489896000016 0.126000 3.114000 3.240000
668.565741843999945 0.126000 3.066000 3.192000
668.632103895999990 0.256000 3.614000 3.870000
668.665181896000036 0.129000 3.361000 3.490000
668.698437948999981 0.118000 3.896000 4.014000
668.731527843999970 0.194000 3.572000 3.766000
668.764700844999993 0.150000 3.178000 3.328000
668.797872844000040 0.184000 3.231000 3.415000
668.831173948000014 0.132000 3.206000 3.338000
668.864263791999974 0.124000 3.093000 3.217000
668.897393521000026 0.122000 3.060000 3.182000
668.930565312999988 0.132000 3.013000 3.145000
668.963737791999961 0.130000 3.076000 3.206000
668.996911791999992 0.127000 3.105000 3.232000
669.030124740000019 0.130000 3.476000 3.606000
669.063299740000048 0.175000 3.277000 3.452000
669.096429843999999 0.137000 3.362000 3.499000
669.129602844000033 0.000000 3.125000 3.125000
669.162786895999943 0.147000 4.272000 4.419000
669.195969897000055 0.195000 3.574000 3.769000
669.262334845000055 0.350000 4.170000 4.520000
669.295509261000007 0.148000 3.657000 3.805000
669.328640896000024 0.000000 3.283000 3.283000
669.361814947999960 0.133000 3.881000 4.014000
669.394986843999959 0.179000 4.039000 4.218000
669.461376844000029 0.182000 4.887000 5.069000
669.494546947999993 0.155000 3.941000 4.096000
669.560855051999965 0.273000 3.696000 3.969000
669.594025792000025 0.128000 3.648000 3.776000
669.627198843999963 0.000000 3.591000 3.591000
669.660371896000015 0.136000 3.593000 3.729000
669.693544896000049 0.149000 3.539000 3.688000
669.759890791999965 0.289000 4.311000 4.600000
669.793063791999998 0.138000 3.864000 4.002000
669.826235844000053 0.000000 3.707000 3.707000
669.859410052000044 0.131000 3.874000 4.005000
669.892582844000003 0.144000 4.138000 4.282000
669.958929000000012 0.307000 4.376000 4.683000
669.992101896000008 0.151000 4.052000 4.203000
670.025273844000026 0.142000 3.768000 3.910000
670.058448844000054 0.131000 3.707000 3.838000
670.091686792000019 0.136000 3.512000 3.648000
670.124795511000002 0.137000 3.257000 3.394000
670.157967157000030 0.188000 3.565000 3.753000
670.191140104000056 0.155000 3.124000 3.279000
670.224447001000044 0.136000 2.827000 2.963000
670.257575947999953 0.138000 2.800000 2.938000
670.290724844000010 0.156000 2.319000 2.475000
670.323912896000024 0.151000 1.982000 2.133000
670.357004949000043 0.146000 2.915000 3.061000
670.390380630999971 0.139000 3.169000 3.308000
670.423576682999965 0.130000 3.879000 4.009000
670.456646632000002 0.211000 3.999000 4.210000
670.489907579000032 0.132000 4.051000 4.183000
670.523079682999992 0.155000 3.998000 4.153000
670.556348285000013 0.141000 5.585000 5.726000
670.589525337000055 0.144000 4.544000 4.688000
670.622694701999990 0.000000 4.299000 4.299000
670.655795171000022 0.161000 4.153000 4.314000
670.688958117999960 0.141000 4.130000 4.271000
670.755259493000040 0.144000 4.157000 4.301000
670.788559493999969 0.155000 3.995000 4.150000
670.821707431000050 0.172000 4.185000 4.357000
670.888082597999983 0.303000 4.158000 4.461000
670.921137899999962 0.220000 2.979000 3.199000
670.954468601000031 0.151000 1.928000 2.079000
670.987632298999984 0.129000 2.806000 2.935000
671.020761506999975 0.000000 2.476000 2.476000
671.053899860999991 0.160000 3.253000 3.413000
671.087105038999994 0.000000 3.581000 3.581000
671.153500060000056 0.311000 4.268000 4.579000
671.219845164000048 0.258000 7.360000 7.618000
671.253018008000026 0.138000 4.993000 5.131000
671.286283008000055 0.135000 4.450000 4.585000
671.319414059999986 0.132000 3.569000 3.701000
671.352637910999988 0.135000 2.857000 2.992000
671.385761651000053 0.167000 2.239000 2.406000
671.418934755000009 0.121000 2.270000 2.391000
671.452109598999982 0.121000 2.931000 3.052000
671.485280704000047 0.142000 4.051000 4.193000
671.518536959000016 0.126000 3.975000 4.101000
671.551711802999989 0.128000 4.290000 4.418000
671.584841855000036 0.162000 6.954000 7.116000
671.618130855000004 0.143000 5.842000 5.985000
671.651234959000021 0.149000 4.958000 5.107000
671.684469077000017 0.142000 4.537000 4.679000
671.717644128999950 0.132000 3.498000 3.630000
671.750776076999955 0.000000 3.703000 3.703000
671.783908336999957 0.154000 3.368000 3.522000
671.817126972999972 0.141000 2.959000 3.100000
671.883441025000025 0.146000 6.563000 6.709000
671.916676025000015 0.153000 4.225000 4.378000
671.983052025000006 0.185000 6.373000 6.558000
672.016119972999945 0.164000 5.469000 5.633000
672.082467337000026 0.338000 6.790000 7.128000
672.115638128999990 0.000000 13.126000 13.126000
672.148810077000007 0.167000 6.488000 6.655000
672.181985025000017 0.159000 6.513000 6.672000
672.248330076999991 0.292000 10.817000 11.109000
672.281502077000027 0.187000 8.752000 8.939000
672.314675076999947 0.189000 7.279000 7.468000
672.347849129999986 0.169000 6.482000 6.651000
672.381064025000001 0.158000 6.271000 6.429000
672.414194232999989 0.153000 7.111000 7.264000
672.447368077999954 0.175000 6.918000 7.093000
672.480542494000019 0.197000 6.330000 6.527000
672.513714492999952 0.148000 6.385000 6.533000
672.546929337000051 0.145000 6.261000 6.406000
672.580098129000021 0.146000 6.776000 6.922000
672.613233025000000 0.158000 6.679000 6.837000
672.646532128999979 0.000000 6.584000 6.584000
672.679578233000029 0.158000 6.367000 6.525000
672.712835442000028 0.141000 6.849000 6.990000
672.779098128999976 0.280000 11.343000 11.623000
672.812272284999949 0.168000 6.794000 6.962000
672.845529025000019 0.150000 6.448000 6.598000
672.878616233999992 0.143000 7.083000 7.226000
672.911861025000007 0.166000 6.802000 6.968000
672.944966389000001 0.143000 6.351000 6.494000
672.978136025000026 0.139000 6.524000 6.663000
673.011352336999948 0.150000 6.514000 6.664000
673.044484336999972 0.180000 6.934000 7.114000
673.077702025000008 0.163000 6.499000 6.662000
673.110828180999988 0.138000 6.395000 6.533000
673.144110857999976 0.139000 6.553000 6.692000
673.177175024999997 0.150000 9.291000 9.441000
673.210386025000048 0.170000 6.776000 6.946000
673.243520128999990 0.155000 6.741000 6.896000
673.276692077000007 0.163000 6.808000 6.971000
673.310001180999961 0.163000 6.730000 6.893000
673.343039492999992 0.000000 6.484000 6.484000
673.376257024999973 0.174000 6.440000 6.614000
673.409385859000054 0.155000 6.367000 6.522000
673.475731182000004 0.321000 6.969000 7.290000
673.508904546000053 0.000000 6.510000 6.510000
673.542077233999976 0.190000 6.446000 6.636000
673.575249181000004 0.162000 7.217000 7.379000
673.641596025000013 0.372000 7.190000 7.562000
673.674809076999964 0.148000 6.509000 6.657000
673.707941024999968 0.154000 7.007000 7.161000
673.741162077000013 0.192000 6.811000 7.003000
673.774305024999990 0.172000 6.357000 6.529000
673.807460076999973 0.136000 6.358000 6.494000
673.840674024999998 0.149000 6.217000 6.366000
673.873817368000005 0.136000 6.285000 6.421000
