# timestamp(s) tracking(ms) estimation(ms) total(ms)
929.554036977999999 3.174000 2.584000 5.758000
929.587210031000041 0.195000 9.143000 9.338000
929.620366977999993 0.139000 3.081000 3.220000
929.653513029999999 0.146000 2.877000 3.023000
929.686693030000015 0.143000 2.802000 2.945000
929.719860029999950 0.142000 2.733000 2.875000
929.753033082000002 0.134000 2.672000 2.806000
929.786208321999993 0.148000 2.711000 2.859000
929.819379185999992 0.131000 2.768000 2.899000
929.852552029999970 0.127000 2.689000 2.816000
929.885816977999980 0.140000 2.867000 3.007000
929.919029978000026 0.131000 3.346000 3.477000
929.952071290000049 0.144000 3.416000 3.560000
929.985254029999965 0.133000 2.885000 3.018000
930.018459082000049 0.138000 2.868000 3.006000
930.051590978000036 0.138000 2.827000 2.965000
930.084765217000040 0.131000 2.815000 2.946000
930.118026061000023 0.130000 2.833000 2.963000
930.151112165999962 0.132000 2.779000 2.911000
930.184282029999963 0.137000 2.800000 2.937000
930.217456082000012 0.135000 2.791000 2.926000
930.250644029999989 0.130000 2.749000 2.879000
930.283907133999946 0.171000 2.865000 3.036000
930.317109029999983 0.138000 3.003000 3.141000
930.350147977999995 0.133000 2.726000 2.859000
930.383321081999952 0.137000 2.719000 2.856000
930.416591029999950 0.151000 2.769000 2.920000
930.449727966999944 0.137000 2.721000 2.858000
930.482869915000038 0.130000 2.734000 2.864000
930.516146968000044 0.129000 2.625000 2.754000
930.549188591999950 0.137000 2.861000 2.998000
930.582362227999965 0.138000 2.740000 2.878000
930.615534185999991 0.144000 2.608000 2.752000
930.648706603000051 0.130000 2.631000 2.761000
930.681881238999949 0.128000 2.661000 2.789000
930.715062977999992 0.127000 2.641000 2.768000
930.748330030000034 0.131000 2.655000 2.786000
930.781398029999991 0.131000 2.715000 2.846000
930.814569030000030 0.138000 2.628000 2.766000
930.847747185999992 0.136000 2.612000 2.748000
930.880915029999983 0.126000 2.566000 2.692000
930.914130343000011 0.127000 2.593000 2.720000
930.947319030000017 0.135000 2.637000 2.772000
930.980510135000031 0.131000 2.597000 2.728000
931.013609238999948 0.134000 2.532000 2.666000
931.046781134999947 0.130000 2.754000 2.884000
931.080094030000055 0.129000 2.489000 2.618000
931.113204186999951 0.164000 3.381000 3.545000
931.146350395000013 0.210000 3.261000 3.471000
931.179514446999974 0.208000 2.733000 2.941000
931.212722591999977 0.000000 2.630000 2.630000
931.245820540999944 0.159000 2.744000 2.903000
931.279063082999983 0.179000 2.646000 2.825000
931.345339811000031 0.305000 3.238000 3.543000
931.378535811999996 0.000000 2.881000 2.881000
931.411686385000053 0.146000 2.789000 2.935000
931.444857081999999 0.173000 2.690000 2.863000
931.511204810999971 0.383000 3.614000 3.997000
931.544458082000006 0.179000 2.754000 2.933000
931.577548925999963 0.179000 2.796000 2.975000
931.610720978000018 0.156000 2.616000 2.772000
931.643922924999970 0.158000 2.692000 2.850000
931.677067977999968 0.150000 2.603000 2.753000
931.710280030000035 0.136000 2.566000 2.702000
931.743457081999964 0.137000 3.037000 3.174000
931.776587029999973 0.146000 3.122000 3.268000
931.809830978000036 0.150000 2.587000 2.737000
931.842934134999950 0.154000 2.616000 2.770000
931.876114134999966 0.149000 2.510000 2.659000
931.909321977999980 0.141000 2.571000 2.712000
931.942451082000048 0.127000 2.587000 2.714000
931.975670978000039 0.157000 2.611000 2.768000
932.008796082000003 0.173000 2.558000 2.731000
932.041971185999955 0.142000 2.569000 2.711000
932.075144030000047 0.143000 2.610000 2.753000
932.108356029999982 0.133000 2.554000 2.687000
932.141488977999984 0.000000 2.539000 2.539000
932.174662030000036 0.135000 2.515000 2.650000
932.207921977999945 0.140000 2.469000 2.609000
932.274180978000004 0.288000 3.073000 3.361000
932.307396978000043 0.130000 2.622000 2.752000
932.340535187000000 0.139000 2.682000 2.821000
932.373739135000051 0.128000 2.539000 2.667000
932.406872238000005 0.134000 2.662000 2.796000
932.440046029999962 0.138000 2.495000 2.633000
932.473264029999996 0.140000 2.672000 2.812000
932.506391290000010 0.137000 2.579000 2.716000
932.539696029999959 0.244000 2.525000 2.769000
932.572736977999966 0.130000 2.580000 2.710000
932.605981978000045 0.135000 2.632000 2.767000
932.639083030000052 0.164000 2.611000 2.775000
932.672372030000020 0.135000 2.615000 2.750000
932.705506030000038 0.132000 2.490000 2.622000
932.738625029999980 0.142000 2.730000 2.872000
932.771817030999955 0.137000 2.572000 2.709000
932.804948029999991 0.132000 2.511000 2.643000
932.838131030000000 0.132000 2.541000 2.673000
932.871422030999952 0.144000 2.555000 2.699000
932.904486978000023 0.164000 2.632000 2.796000
932.937641342000006 0.134000 2.565000 2.699000
932.970817237999995 0.126000 2.533000 2.659000
933.003986187000010 0.138000 2.519000 2.657000
933.037160029999995 0.155000 2.531000 2.686000
933.070335290000003 0.167000 2.750000 2.917000
933.103634977999945 0.155000 2.625000 2.780000
933.136679030999971 0.145000 2.535000 2.680000
933.169922926000027 0.154000 2.596000 2.750000
933.203027926000004 0.161000 2.603000 2.764000
933.236252978000039 0.145000 2.597000 2.742000
933.269407343000012 0.152000 2.559000 2.711000
933.302553030000013 0.152000 2.656000 2.808000
933.335756134000007 0.144000 2.614000 2.758000
933.368889977999970 0.145000 2.689000 2.834000
933.402102031000027 0.158000 2.581000 2.739000
933.435276978000047 0.148000 2.577000 2.725000
933.468448925999951 0.187000 2.680000 2.867000
933.501582030999998 0.149000 2.600000 2.749000
933.534798081999952 0.140000 2.563000 2.703000
933.568010342999969 0.160000 2.615000 2.775000
933.601140082000029 0.147000 2.570000 2.717000
933.634313030000044 0.154000 2.613000 2.767000
933.667448186000001 0.169000 2.690000 2.859000
933.700624977999951 0.151000 2.685000 2.836000
933.733793135000042 0.151000 2.557000 2.708000
933.766966083000057 0.137000 2.533000 2.670000
933.800137977999952 0.142000 3.410000 3.552000
933.833310977999986 0.158000 2.855000 3.013000
933.866560081999978 0.163000 2.718000 2.881000
933.899787238000044 0.168000 2.687000 2.855000
933.932830394999996 0.155000 2.571000 2.726000
933.966003238999974 0.132000 2.576000 2.708000
933.999177186999987 0.144000 2.602000 2.746000
934.032393134000017 0.191000 2.579000 2.770000
934.065522977999990 0.195000 2.965000 3.160000
934.098696030000042 0.173000 2.632000 2.805000
934.131870081999978 0.144000 2.627000 2.771000
934.165041977999977 0.138000 2.751000 2.889000
934.198289978000048 0.156000 2.758000 2.914000
934.231428081999979 0.144000 2.992000 3.136000
934.264579081999955 0.281000 2.911000 3.192000
934.297774030000028 0.152000 2.797000 2.949000
934.330906081999956 0.146000 2.801000 2.947000
934.364124081999989 0.137000 2.817000 2.954000
934.397252977999983 0.148000 2.893000 3.041000
934.430425978000017 0.145000 2.963000 3.108000
934.463639029999968 0.172000 2.974000 3.146000
934.496772029999988 0.145000 3.040000 3.185000
934.529945030000022 0.171000 3.062000 3.233000
934.563118030000055 0.142000 3.711000 3.853000
934.596374977999972 0.205000 3.022000 3.227000
934.629537030000051 0.203000 2.905000 3.108000
934.662636978000023 0.198000 3.521000 3.719000
934.695810133999998 0.171000 3.422000 3.593000
934.728982082000016 0.182000 3.507000 3.689000
934.762196978000020 0.224000 3.005000 3.229000
934.795400342999983 0.168000 3.082000 3.250000
934.828536342000007 0.167000 2.956000 3.123000
934.861719446000052 0.165000 4.228000 4.393000
934.894848238999998 0.172000 8.117000 8.289000
934.928021029999968 0.189000 14.343000 14.532000
934.961192977999985 0.208000 13.784000 13.992000
934.994366082000056 0.181000 15.494000 15.675000
935.027539238000031 0.178000 15.655000 15.833000
935.060753134000038 0.187000 19.446000 19.633000
935.093948003000037 0.175000 16.418000 16.593000
935.127123054999970 0.190000 8.395000 8.585000
935.160296399000003 0.160000 5.170000 5.330000
935.193470711000032 0.186000 3.138000 3.324000
935.226641055999949 0.184000 2.918000 3.102000
935.259945105000043 0.170000 5.924000 6.094000
935.293119053000055 0.154000 9.963000 10.117000
935.326281105000021 0.182000 9.383000 9.565000
935.359501292000004 0.151000 6.346000 6.497000
935.392706189000023 0.148000 11.809000 11.957000
935.425865694999970 0.539000 8.321000 8.860000
935.459040590999962 0.166000 6.291000 6.457000
935.492251850999992 0.163000 7.144000 7.307000
935.525385799999981 0.153000 4.848000 5.001000
935.558599590999961 0.137000 2.971000 3.108000
935.591917812000020 0.158000 2.479000 2.637000
935.624990708000041 0.144000 2.527000 2.671000
935.658208811999998 0.159000 3.099000 3.258000
935.691339072000005 0.215000 3.320000 3.535000
935.724551811999959 0.174000 4.586000 4.760000
935.757816789999993 0.152000 7.254000 7.406000
935.791046789000006 0.157000 3.867000 4.024000
935.824116892999996 0.153000 2.380000 2.533000
935.857288684999958 0.173000 4.576000 4.749000
935.890509101000021 0.161000 4.386000 4.547000
935.923726425000041 0.151000 3.805000 3.956000
935.956938476999994 0.140000 2.569000 2.709000
935.990209477000008 0.143000 2.621000 2.764000
936.023243686000001 0.136000 2.596000 2.732000
936.056416581000008 0.201000 2.757000 2.958000
936.089685016999965 0.143000 4.905000 5.048000
936.122858016999999 0.164000 2.974000 3.138000
936.156114120999973 0.158000 2.831000 2.989000
936.189204225000026 0.176000 2.899000 3.075000
936.222378121000020 0.147000 2.639000 2.786000
936.255611914000042 0.162000 3.452000 3.614000
936.288800278000053 0.222000 2.698000 2.920000
936.321957173999976 0.189000 2.664000 2.853000
936.355170809000015 0.147000 2.408000 2.555000
936.388303704999998 0.141000 2.342000 2.483000
936.421475757000053 0.167000 2.136000 2.303000
936.454690913000036 0.156000 5.083000 5.239000
936.487821912999948 0.193000 5.436000 5.629000
936.520994757000039 0.158000 5.167000 5.325000
936.554168860999994 0.211000 3.180000 3.391000
936.587344809000001 0.197000 3.130000 3.327000
936.620555809000052 0.197000 2.673000 2.870000
936.653695757000037 0.162000 2.444000 2.606000
936.686900704999971 0.145000 6.580000 6.725000
936.720031704999997 0.157000 3.701000 3.858000
936.753228966000052 0.142000 3.214000 3.356000
936.786379861000000 0.158000 2.953000 3.111000
936.819551809000018 0.161000 2.877000 3.038000
936.852766808999945 0.246000 2.764000 3.010000
936.885940913000013 0.213000 5.715000 5.928000
936.919112756999994 0.200000 2.930000 3.130000
936.952244757000017 0.182000 3.204000 3.386000
936.985416808999958 0.237000 5.285000 5.522000
937.018590809999978 0.215000 4.284000 4.499000
937.051764757000001 0.298000 6.248000 6.546000
937.084938017000013 0.182000 4.971000 5.153000
937.118110808999973 0.154000 4.014000 4.168000
937.151281756999992 0.201000 4.797000 4.998000
937.184456757000021 0.219000 6.967000 7.186000
937.217629757000054 0.000000 5.136000 5.136000
937.250881017999973 0.408000 3.395000 3.803000
937.284061809000036 0.235000 3.297000 3.532000
937.350401756999986 0.420000 3.053000 3.473000
937.383493809000015 0.000000 2.459000 2.459000
937.416666860999953 0.152000 2.488000 2.640000
937.449840756999947 0.162000 3.281000 3.443000
937.516265808999947 0.319000 3.497000 3.816000
937.549447912999995 0.193000 6.055000 6.248000
937.615704757000003 0.387000 6.899000 7.286000
937.648921808999944 0.151000 4.023000 4.174000
937.682128913000042 0.210000 3.131000 3.341000
937.715291860999969 0.200000 2.788000 2.988000
937.748396862000050 0.213000 2.815000 3.028000
937.781568913999990 0.193000 2.636000 2.829000
937.814742756999976 0.176000 2.699000 2.875000
937.847915809000028 0.168000 2.617000 2.785000
937.881160756999975 0.000000 2.441000 2.441000
937.914392756999973 0.232000 2.723000 2.955000
937.947433756999999 0.182000 2.579000 2.761000
938.013781695000034 0.331000 5.852000 6.183000
938.046954694999954 0.167000 5.398000 5.565000
938.080174048000003 0.179000 3.685000 3.864000
938.113298860999976 0.211000 2.903000 3.114000
938.146472913000025 0.219000 2.617000 2.836000
938.179644861000043 0.486000 3.239000 3.725000
938.212887966000039 0.160000 5.678000 5.838000
938.246060809000028 0.189000 4.824000 5.013000
938.279164756999990 0.154000 8.202000 8.356000
938.312337860999946 0.161000 6.989000 7.150000
938.345510965000017 0.150000 5.709000 5.859000
938.378667917000030 0.204000 4.652000 4.856000
938.411838866000039 0.149000 3.222000 3.371000
938.445016761000034 0.177000 2.154000 2.331000
938.478239916999996 0.139000 2.103000 2.242000
938.511317813000005 0.149000 2.534000 2.683000
938.544532814000036 0.204000 2.301000 2.505000
938.577664761000051 0.186000 5.590000 5.776000
938.610839865999992 0.164000 6.295000 6.459000
938.644139761000019 0.141000 9.291000 9.432000
938.677183022000008 0.199000 5.760000 5.959000
938.710396022000054 0.166000 7.654000 7.820000
938.743528708999975 0.198000 6.256000 6.454000
938.776746178000053 0.195000 5.144000 5.339000
938.809875812999962 0.146000 5.427000 5.573000
938.843137812999998 0.159000 8.540000 8.699000
938.876221916999953 0.149000 6.395000 6.544000
938.909394761000044 0.143000 5.021000 5.164000
938.942567760999964 0.143000 5.981000 6.124000
938.975740813000016 0.156000 4.357000 4.513000
939.008916125000042 0.141000 2.331000 2.472000
939.042135193000036 0.138000 2.368000 2.506000
939.075307349000013 0.128000 3.056000 3.184000
939.108480245000010 0.129000 5.329000 5.458000
939.141653245000043 0.147000 2.697000 2.844000
939.174868349999997 0.151000 3.215000 3.366000
939.208070528000007 0.159000 5.388000 5.547000
939.241316632000007 0.145000 2.521000 2.666000
939.274501527999973 0.134000 2.390000 2.524000
939.307589527999994 0.127000 2.538000 2.665000
939.340802476000022 0.180000 2.774000 2.954000
939.374050544000056 0.239000 6.073000 6.312000
939.407254596000030 0.479000 5.850000 6.329000
939.440398701000049 0.162000 5.941000 6.103000
939.473530699999969 0.150000 5.126000 5.276000
939.506703543999947 0.154000 5.341000 5.495000
939.539882543999965 0.173000 5.572000 5.745000
939.573088700999961 0.168000 6.508000 6.676000
939.606296753000038 0.153000 3.478000 3.631000
939.639475596000011 0.152000 2.480000 2.632000
939.672648596000045 0.159000 5.249000 5.408000
939.705806596000002 0.173000 8.723000 8.896000
939.738913543999956 0.173000 8.315000 8.488000
939.772086543999990 0.200000 9.008000 9.208000
939.805259751999984 0.000000 7.360000 7.360000
939.838433647999977 0.217000 2.845000 3.062000
939.871676064999974 0.178000 2.442000 2.620000
939.938090043999978 0.298000 3.047000 3.345000
939.971125908999966 0.157000 3.350000 3.507000
940.004341013000044 0.292000 2.294000 2.586000
940.037514805000001 0.197000 5.452000 5.649000
940.070643960999973 0.157000 6.711000 6.868000
940.103905753000049 0.140000 3.792000 3.932000
940.137074856000027 0.134000 6.290000 6.424000
940.170206908999944 0.160000 4.974000 5.134000
940.203378595999993 0.145000 6.835000 6.980000
940.236509700000056 0.151000 9.745000 9.896000
940.269682751999994 0.150000 5.341000 5.491000
940.302855753000017 0.139000 6.705000 6.844000
940.336028543999987 0.151000 5.600000 5.751000
940.369201647999944 0.140000 6.345000 6.485000
940.402316257000052 0.157000 3.572000 3.729000
940.435490464000054 0.169000 2.275000 2.444000
940.468744151999999 0.223000 3.149000 3.372000
940.501835152000012 0.162000 2.214000 2.376000
940.535077152999975 0.153000 2.259000 2.412000
940.568131014999949 0.172000 4.863000 5.035000
940.601302962999966 0.179000 5.482000 5.661000
940.634476910999979 0.158000 6.724000 6.882000
940.667649963000031 0.211000 6.585000 6.796000
940.700892910999983 0.164000 2.346000 2.510000
940.734098911000046 0.179000 4.812000 4.991000
940.767208964000019 0.176000 5.089000 5.265000
940.800340911000035 0.165000 5.828000 5.993000
940.833513859000050 0.153000 2.612000 2.765000
940.866726858999982 0.144000 2.557000 2.701000
940.899860963000037 0.133000 2.470000 2.603000
940.933033911000052 0.142000 2.642000 2.784000
940.966207963999977 0.135000 2.317000 2.452000
940.999378963000026 0.152000 2.493000 2.645000
941.032583910999961 0.132000 2.377000 2.509000
941.065725962999977 0.139000 4.917000 5.056000
941.098898910999992 0.136000 3.023000 3.159000
941.132071963000044 0.135000 2.544000 2.679000
941.165244910999945 0.138000 2.560000 2.698000
941.198457910999991 0.135000 2.349000 2.484000
941.231590963000031 0.137000 5.119000 5.256000
941.264838962999988 0.162000 5.926000 6.088000
941.297935962999986 0.168000 5.975000 6.143000
941.331178327999964 0.183000 4.260000 4.443000
941.364282963000051 0.183000 2.884000 3.067000
941.397458962999963 0.147000 4.943000 5.090000
941.430667963000019 0.159000 3.828000 3.987000
941.463842911000029 0.143000 5.851000 5.994000
941.497013962999972 0.205000 2.781000 2.986000
941.530186963000006 0.162000 5.054000 5.216000
941.563321066999947 0.151000 3.238000 3.389000
941.596493911000039 0.141000 2.073000 2.214000
941.629665859000056 0.134000 7.549000 7.683000
941.662880015000042 0.140000 7.261000 7.401000
941.696051962999945 0.139000 3.820000 3.959000
941.729186327999969 0.139000 2.914000 3.053000
941.762399223999978 0.138000 5.591000 5.729000
941.795531963000030 0.152000 5.967000 6.119000
941.828704066999990 0.127000 2.887000 3.014000
941.861876962999986 0.134000 4.948000 5.082000
941.895090911000011 0.136000 6.042000 6.178000
941.928263066999989 0.135000 2.161000 2.296000
941.961437858999943 0.134000 2.036000 2.170000
941.994569963000004 0.142000 2.002000 2.144000
942.027743066999960 0.132000 5.049000 5.181000
942.060916066999994 0.162000 4.674000 4.836000
942.094089015000009 0.139000 6.328000 6.467000
942.127259963000029 0.162000 6.510000 6.672000
942.160436067999967 0.154000 3.080000 3.234000
942.193740910999963 0.152000 2.112000 2.264000
942.226836038999977 0.134000 4.801000 4.935000
942.259900142999982 0.157000 7.996000 8.153000
942.293179037999948 0.146000 5.325000 5.471000
942.326244934999977 0.160000 5.897000 6.057000
942.359417882000002 0.157000 9.060000 9.217000
942.392535460999966 0.206000 4.519000 4.725000
942.425709460999997 0.164000 5.647000 5.811000
942.458886513000039 0.181000 10.954000 11.135000
942.492055409000045 0.000000 4.837000 4.837000
942.525227408999967 0.169000 7.153000 7.322000
942.558495356999970 0.160000 4.009000 4.169000
942.624880408999957 0.294000 8.054000 8.348000
942.657921408999982 0.151000 2.944000 3.095000
942.691093357000000 0.145000 4.290000 4.435000
942.724402357000031 0.144000 3.757000 3.901000
942.757439721999958 0.142000 5.009000 5.151000
942.790611564999949 0.148000 3.605000 3.753000
942.823872409000046 0.151000 5.013000 5.164000
942.857045408999966 0.155000 7.110000 7.265000
942.890211513000054 0.148000 4.661000 4.809000
942.923303461000046 0.221000 5.076000 5.297000
942.956558460999986 0.151000 3.468000 3.619000
942.989650356999960 0.130000 6.294000 6.424000
943.022824304999972 0.139000 4.067000 4.206000
943.056089357000019 0.123000 4.015000 4.138000
943.089175512999986 0.130000 3.216000 3.346000
943.122448408999958 0.118000 5.444000 5.562000
943.155619408999996 0.117000 2.973000 3.090000
943.188724356999955 0.196000 5.814000 6.010000
943.221949408999990 0.192000 4.613000 4.805000
943.255034616999978 0.144000 4.016000 4.160000
943.288206564999996 0.124000 5.714000 5.838000
943.321379668999953 0.124000 6.103000 6.227000
943.354552409000007 0.136000 4.293000 4.429000
943.387728357000015 0.121000 2.973000 3.094000
943.420916565999960 0.158000 3.776000 3.934000
943.454113409000001 0.147000 3.799000 3.946000
943.487243304999993 0.139000 2.817000 2.956000
943.520513462000054 0.135000 3.702000 3.837000
943.553589461000001 0.149000 4.687000 4.836000
943.586763356999995 0.162000 6.941000 7.103000
943.619937460999950 0.180000 3.064000 3.244000
943.653109356999948 0.137000 3.626000 3.763000
943.686351357000035 0.140000 5.385000 5.525000
943.719455670000002 0.125000 4.783000 4.908000
943.752667356999950 0.196000 5.274000 5.470000
943.785844408999992 0.208000 5.590000 5.798000
943.819017512999949 0.147000 4.247000 4.394000
943.852272408999966 0.140000 3.018000 3.158000
943.885319408999976 0.131000 5.640000 5.771000
943.918561357000044 0.177000 7.392000 7.569000
943.951666409000040 0.157000 4.134000 4.291000
943.984838356999944 0.143000 4.284000 4.427000
944.018012408999994 0.149000 5.254000 5.403000
944.051184409000030 0.138000 6.842000 6.980000
944.084430408999992 0.225000 5.427000 5.652000
944.117531356999962 0.146000 3.935000 4.081000
944.150744357000008 0.171000 4.385000 4.556000
944.183916512999986 0.131000 5.349000 5.480000
944.217090408999979 0.139000 3.601000 3.740000
944.250223409000000 0.143000 4.331000 4.474000
944.283395409000036 0.123000 4.285000 4.408000
944.316640409000001 0.120000 2.623000 2.743000
944.349742356999968 0.124000 3.786000 3.910000
944.382955357000014 0.138000 7.396000 7.534000
944.416087513999969 0.150000 6.506000 6.656000
944.449266408999961 0.131000 3.208000 3.339000
944.482432564999954 0.132000 7.441000 7.573000
944.515691304000029 0.119000 7.758000 7.877000
944.548779669000055 0.131000 3.003000 3.134000
944.581994668999982 0.126000 3.080000 3.206000
944.615125462000037 0.118000 2.761000 2.879000
944.648298357000044 0.121000 3.288000 3.409000
944.681472408999980 0.121000 5.268000 5.389000
944.714718409000056 0.132000 3.667000 3.799000
944.747859357000038 0.135000 3.467000 3.602000
944.781032356999958 0.000000 2.848000 2.848000
944.814207409000005 0.127000 3.664000 3.791000
944.847405513000012 0.127000 3.567000 3.694000
944.913683565000042 0.278000 3.052000 3.330000
944.946897565999961 0.115000 2.613000 2.728000
944.980029409000053 0.122000 2.502000 2.624000
945.013202617000047 0.124000 2.648000 2.772000
945.046415357000001 0.120000 2.524000 2.644000
945.079548305000003 0.143000 2.425000 2.568000
945.112810460999981 0.115000 2.519000 2.634000
945.145894408999993 0.118000 2.511000 2.629000
945.179108409000037 0.120000 2.478000 2.598000
945.212239408999949 0.127000 2.465000 2.592000
945.245413408999980 0.131000 2.506000 2.637000
945.278679409000006 0.140000 2.377000 2.517000
945.311759409000047 0.126000 2.401000 2.527000
945.345004514000038 0.121000 2.405000 2.526000
945.378174357000034 0.116000 2.398000 2.514000
945.411278410000023 0.119000 2.338000 2.457000
945.444452408999950 0.121000 2.392000 2.513000
945.477624295000055 0.116000 2.280000 2.396000
945.510868982000034 0.121000 2.321000 2.442000
945.544048409999959 0.114000 2.664000 2.778000
945.577211616999989 0.119000 2.278000 2.397000
945.610315616999969 0.115000 2.257000 2.372000
945.643529357000034 0.122000 2.438000 2.560000
945.676798408999957 0.114000 2.571000 2.685000
945.709906357000023 0.129000 2.393000 2.522000
945.743081357000051 0.116000 2.358000 2.474000
945.776221357000054 0.120000 2.246000 2.366000
945.809354356999961 0.125000 2.358000 2.483000
945.842567357000007 0.187000 2.337000 2.524000
945.875774356999955 0.120000 2.310000 2.430000
945.908958773999984 0.117000 2.520000 2.637000
945.942050356999971 0.131000 2.271000 2.402000
945.975220461000049 0.119000 2.402000 2.521000
946.008432408999965 0.126000 2.317000 2.443000
946.041564356999970 0.122000 2.423000 2.545000
946.074740668999993 0.126000 2.340000 2.466000
946.107912409000051 0.116000 2.307000 2.423000
946.141154409000023 0.124000 2.286000 2.410000
946.174256461000027 0.124000 2.388000 2.512000
946.207429357000024 0.123000 2.320000 2.443000
946.240642408999975 0.123000 2.422000 2.545000
946.273872460999996 0.115000 2.291000 2.406000
946.307014514000002 0.119000 2.318000 2.437000
946.340123669000036 0.113000 2.216000 2.329000
946.373295408999979 0.122000 2.300000 2.422000
946.406508512999949 0.119000 2.333000 2.452000
946.439641617000007 0.121000 2.276000 2.397000
946.472814356999947 0.119000 2.783000 2.902000
946.506115356999999 0.120000 2.311000 2.431000
946.539160357000014 0.117000 2.305000 2.422000
946.572332408999955 0.113000 2.273000 2.386000
946.605505356999970 0.117000 2.280000 2.397000
946.638718409000035 0.124000 2.372000 2.496000
946.671851305000018 0.126000 2.298000 2.424000
946.705064408999988 0.117000 2.218000 2.335000
946.738238461000037 0.119000 2.305000 2.424000
946.771370409000042 0.115000 2.309000 2.424000
946.804583408999974 0.123000 2.507000 2.630000
946.837718139000003 0.118000 2.245000 2.363000
946.870890086000031 0.117000 2.305000 2.422000
946.904103825999982 0.124000 2.398000 2.522000
946.937277566000034 0.124000 2.303000 2.427000
946.970409346999986 0.124000 2.407000 2.531000
947.003584346000025 0.118000 2.256000 2.374000
947.036755137999990 0.116000 2.328000 2.444000
947.069928241999946 0.119000 2.400000 2.519000
947.103136242999994 0.122000 2.426000 2.548000
947.136286876999975 0.119000 2.542000 2.661000
947.169448033999970 0.117000 2.471000 2.588000
947.202620877999948 0.121000 3.306000 3.427000
947.235794565999981 0.120000 2.397000 2.517000
947.268966356999954 0.138000 2.316000 2.454000
947.302139462000014 0.129000 2.540000 2.669000
947.335312460999944 0.121000 2.339000 2.460000
947.368485408999959 0.127000 2.374000 2.501000
947.401658514000019 0.117000 2.295000 2.412000
947.434831357000007 0.121000 2.546000 2.667000
947.468003513999975 0.125000 2.272000 2.397000
947.501177409999968 0.117000 2.246000 2.363000
947.534350462000020 0.118000 2.350000 2.468000
947.567523409000046 0.122000 2.219000 2.341000
947.600815564999948 0.119000 2.195000 2.314000
947.633870356999978 0.122000 2.145000 2.267000
947.667042409000032 0.118000 2.281000 2.399000
947.700215408999952 0.119000 2.221000 2.340000
947.733391356999959 0.116000 2.257000 2.373000
947.766560512999945 0.118000 2.312000 2.430000
947.799734460999957 0.118000 2.252000 2.370000
947.832907513000009 0.125000 2.280000 2.405000
947.866080513000043 0.000000 2.285000 2.285000
947.899253357000021 0.120000 2.217000 2.337000
947.932426512999996 0.119000 2.389000 2.508000
947.998775388000013 0.118000 2.589000 2.707000
948.032071772999984 0.121000 2.415000 2.536000
948.065119617000050 0.136000 2.466000 2.602000
948.131465389000027 0.283000 2.882000 3.165000
948.164708034000000 0.123000 2.569000 2.692000
948.197812022999983 0.133000 2.570000 2.703000
948.230984512999953 0.134000 2.493000 2.627000
948.264156408999952 0.124000 2.451000 2.575000
948.297402357000010 0.000000 2.340000 2.340000
948.330595409000011 0.138000 2.520000 2.658000
948.363676461999944 0.150000 2.593000 2.743000
948.430021462000013 0.122000 3.019000 3.141000
948.463195409000036 0.195000 2.489000 2.684000
948.496461357000044 0.162000 2.415000 2.577000
948.562713409000025 0.247000 2.751000 2.998000
948.595885408999948 0.120000 6.288000 6.408000
948.629101565000042 0.000000 4.857000 4.857000
948.662232409000012 0.200000 5.768000 5.968000
948.695404512999971 0.162000 7.299000 7.461000
948.761795304999964 0.283000 4.745000 5.028000
948.794969616999992 0.128000 4.186000 4.314000
948.828097357000047 0.124000 2.442000 2.566000
948.861272669999948 0.123000 2.470000 2.593000
948.894482617999984 0.113000 2.393000 2.506000
948.927616410000041 0.118000 2.278000 2.396000
948.960861356999999 0.122000 2.939000 3.061000
948.994002356999999 0.131000 2.283000 2.414000
949.027175618000001 0.118000 2.071000 2.189000
949.060307878000003 0.120000 2.268000 2.388000
949.093481356999973 0.114000 2.140000 2.254000
949.126653409000028 0.120000 2.114000 2.234000
949.159959460999971 0.115000 2.087000 2.202000
949.193081461000020 0.126000 2.159000 2.285000
949.226259409000022 0.117000 2.111000 2.228000
949.259345409000048 0.115000 2.221000 2.336000
949.292559408999978 0.114000 2.193000 2.307000
949.325693566000041 0.119000 2.123000 2.242000
949.358865357000013 0.121000 3.682000 3.803000
949.392117408999979 0.119000 5.443000 5.562000
949.425256303999959 0.121000 2.658000 2.779000
949.458431356999995 0.128000 3.565000 3.693000
949.491556357000036 0.119000 5.641000 5.760000
949.524790305000010 0.126000 7.649000 7.775000
949.558030304999988 0.133000 2.965000 3.098000
949.591140461000009 0.121000 2.782000 2.903000
949.624249565000014 0.119000 2.804000 2.923000
949.657422356999973 0.122000 4.036000 4.158000
949.690636409000035 0.121000 4.435000 4.556000
949.723901357000045 0.121000 2.592000 2.713000
949.757012409000026 0.111000 5.714000 5.825000
949.790159513000049 0.150000 3.756000 3.906000
949.823286410000037 0.140000 4.422000 4.562000
949.856499825000014 0.149000 3.343000 3.492000
949.889634356999977 0.123000 2.428000 2.551000
949.922846409000044 0.126000 2.584000 2.710000
949.956107513000006 0.130000 3.791000 3.921000
949.989152409999974 0.126000 3.374000 3.500000
950.022329774000013 0.125000 2.263000 2.388000
950.055500460999951 0.119000 5.206000 5.325000
950.088673513999993 0.140000 7.938000 8.078000
950.121847408999997 0.138000 8.027000 8.165000
950.155086305000054 0.128000 11.984000 12.112000
950.188261461000025 0.186000 19.502000 19.688000
950.221362408999994 0.141000 19.510000 19.651000
950.254536409000025 0.209000 20.208000 20.417000
950.287754930000006 0.155000 18.795000 18.950000
950.320924794000007 0.169000 32.061000 32.230000
950.354054409000014 0.210000 24.109000 24.319000
950.387229512999966 0.208000 19.605000 19.813000
950.420401356999946 0.169000 22.582000 22.751000
950.453657773000032 0.157000 17.017000 17.174000
950.486747512999955 0.149000 19.058000 19.207000
950.519919408999954 0.162000 15.436000 15.598000
950.553093461000003 0.144000 17.522000 17.666000
950.586363495999990 0.176000 16.525000 16.701000
950.619488548000049 0.137000 12.531000 12.668000
950.652662444000043 0.207000 15.943000 16.150000
950.685845547999975 0.149000 16.137000 16.286000
950.719047651999972 0.158000 14.943000 15.101000
950.752193496000018 0.146000 9.555000 9.701000
950.785354547999987 0.148000 13.481000 13.629000
950.818575443999976 0.143000 8.336000 8.479000
950.851700548000053 0.000000 10.051000 10.051000
950.884913443999949 0.153000 9.314000 9.467000
950.918046652000044 0.153000 10.517000 10.670000
950.984463601000016 0.162000 7.066000 7.228000
951.017564600000014 0.179000 5.999000 6.178000
951.050834548000012 0.159000 6.672000 6.831000
951.117183444000034 0.293000 7.866000 8.159000
951.150259653000035 0.138000 7.398000 7.536000
951.183438443999989 0.143000 6.002000 6.145000
951.216603444000043 0.146000 4.836000 4.982000
951.249820443999965 0.151000 7.221000 7.372000
951.282948497000007 0.141000 7.880000 8.021000
951.316122496000048 0.148000 7.878000 8.026000
951.349313757000004 0.142000 10.111000 10.253000
951.382470443999978 0.138000 4.926000 5.064000
951.415640549000045 0.141000 10.204000 10.345000
951.448855495999965 0.162000 12.060000 12.222000
951.481989756999951 0.140000 9.961000 10.101000
951.515189495999948 0.193000 10.269000 10.462000
951.548372547999975 0.175000 7.407000 7.582000
951.581506496999964 0.209000 5.479000 5.688000
951.614745495999955 0.191000 7.730000 7.921000
951.647898444000020 0.170000 8.062000 8.232000
951.681045860000040 0.160000 6.100000 6.260000
951.714200017000053 0.156000 5.266000 5.422000
951.747371913000052 0.144000 5.947000 6.091000
951.780543547999969 0.158000 4.032000 4.190000
951.813667907999957 0.142000 5.630000 5.772000
951.846882750999953 0.136000 6.576000 6.712000
951.880013750999979 0.133000 6.375000 6.508000
951.913186751000012 0.131000 3.766000 3.897000
951.946378803000016 0.137000 5.049000 5.186000
951.979547699000022 0.134000 8.312000 8.446000
952.012745751000011 0.187000 10.297000 10.484000
952.045880751000027 0.196000 8.880000 9.076000
952.079053699000042 0.134000 6.165000 6.299000
952.112264750999998 0.142000 9.778000 9.920000
952.145438906999971 0.140000 9.268000 9.408000
952.178610854999988 0.136000 6.816000 6.952000
952.211743647000048 0.131000 4.926000 5.057000
952.244957906999957 0.158000 6.267000 6.425000
952.278129906999993 0.158000 5.303000 5.461000
952.311255344999950 0.000000 6.956000 6.956000
952.344429603999970 0.145000 4.371000 4.516000
952.377601292000008 0.137000 4.469000 4.606000
952.443908395999983 0.135000 7.609000 7.744000
952.477079239999966 0.145000 6.992000 7.137000
952.510202023000033 0.000000 2.473000 2.473000
952.576658543000008 0.269000 5.321000 5.590000
952.642894178999995 0.147000 9.125000 9.272000
952.676152334999983 0.000000 10.189000 10.189000
952.709242178999943 0.164000 8.047000 8.211000
952.808727395000005 0.292000 12.007000 12.299000
952.841859863999957 0.157000 6.122000 6.279000
952.908205447000000 0.136000 11.335000 11.471000
952.941446551000013 0.139000 6.228000 6.367000
953.007822968000028 0.132000 7.847000 7.979000
953.040880247000018 0.136000 9.703000 9.839000
953.107189143000028 0.282000 9.959000 10.241000
953.140358142999958 0.138000 12.610000 12.748000
953.173530935000031 0.142000 10.058000 10.200000
953.206704518000038 0.000000 7.473000 7.473000
953.239974933999974 0.130000 4.433000 4.563000
953.273051622000025 0.138000 7.950000 8.088000
953.339398518000053 0.284000 10.107000 10.391000
953.372585569999956 0.146000 9.073000 9.219000
953.405746465999982 0.145000 8.432000 8.577000
953.438921028999971 0.148000 7.410000 7.558000
953.472092674000010 0.147000 11.261000 11.408000
953.505260725999960 0.000000 9.520000 9.520000
953.538559934999967 0.144000 8.075000 8.219000
953.571703986999978 0.185000 5.207000 5.392000
953.638056756999958 0.147000 8.739000 8.886000
953.671127246999959 0.156000 11.913000 12.069000
953.737473486999988 0.326000 10.778000 11.104000
953.770645122000019 0.166000 14.971000 15.137000
953.803821840999944 0.300000 5.987000 6.287000
953.836989935000020 0.165000 7.414000 7.579000
953.870162518000029 0.148000 9.384000 9.532000
953.903335674000004 0.214000 10.178000 10.392000
953.936508622000019 0.157000 6.326000 6.483000
953.969682571000021 0.141000 6.164000 6.305000
954.002767223999967 0.148000 6.752000 6.900000
954.035980328000051 0.154000 6.579000 6.733000
954.069114327999955 0.146000 9.532000 9.678000
954.102326328000004 0.138000 8.919000 9.057000
954.135499380000056 0.141000 6.942000 7.083000
954.168671537000023 0.142000 7.959000 8.101000
954.201846327999988 0.185000 8.618000 8.803000
954.234978171999956 0.178000 6.439000 6.617000
954.268152119999968 0.156000 11.766000 11.922000
954.301326172000017 0.139000 6.831000 6.970000
954.334496223999963 0.149000 8.713000 8.862000
954.367757224000002 0.141000 7.530000 7.671000
954.400862381000024 0.147000 13.158000 13.305000
954.434015275999968 0.209000 11.180000 11.389000
954.467188223999983 0.174000 11.057000 11.231000
954.500361224000017 0.199000 13.613000 13.812000
954.533536172000026 0.180000 14.899000 15.079000
954.566718172000037 0.141000 14.393000 14.534000
954.599921277000021 0.154000 17.610000 17.764000
954.633054172000016 0.147000 15.649000 15.796000
954.666300977999981 0.192000 12.460000 12.652000
954.699535977999972 0.173000 16.613000 16.786000
954.732655926000007 0.161000 16.134000 16.295000
954.765820925999947 0.156000 16.220000 16.376000
954.799009926000053 0.155000 15.770000 15.925000
954.832225282999957 0.147000 10.730000 10.877000
954.865446282999983 0.147000 7.073000 7.220000
954.898570335000045 0.135000 9.556000 9.691000
954.931876439000007 0.182000 7.173000 7.355000
954.964916334999998 0.166000 5.777000 5.943000
954.998091283000008 0.142000 4.290000 4.432000
955.031262283000046 0.140000 7.484000 7.624000
955.064435334999985 0.152000 6.571000 6.723000
955.097657335000008 0.143000 10.795000 10.938000
955.130873438999970 0.155000 10.073000 10.228000
955.163900732999991 0.135000 3.091000 3.226000
955.197072628000001 0.141000 8.970000 9.111000
955.230286629000034 0.129000 2.609000 2.738000
955.263417576000052 0.134000 2.894000 3.028000
955.296591627999987 0.131000 6.682000 6.813000
955.329764680000039 0.138000 5.456000 5.594000
955.362936628000057 0.162000 6.629000 6.791000
955.396109575999958 0.223000 6.904000 7.127000
955.429282575999991 0.156000 5.507000 5.663000
955.462496576000035 0.144000 2.135000 2.279000
955.495628575999945 0.132000 2.771000 2.903000
955.528841575999991 0.158000 3.470000 3.628000
955.562051576000044 0.140000 6.275000 6.415000
955.595233576000055 0.140000 2.438000 2.578000
955.628404733000025 0.136000 3.773000 3.909000
955.661493732000054 0.130000 5.487000 5.617000
955.694667524000010 0.142000 4.135000 4.277000
955.727841732000002 0.138000 7.916000 8.054000
955.761012628000003 0.140000 2.629000 2.769000
955.794187305000037 0.132000 2.378000 2.510000
955.827425288999962 0.130000 1.886000 2.016000
955.860599342000000 0.136000 2.056000 2.192000
955.893814237000015 0.131000 4.086000 4.217000
955.926960289000021 0.132000 5.155000 5.287000
955.960117236999963 0.131000 1.985000 2.116000
955.993502716999956 0.137000 4.290000 4.427000
956.026582769000015 0.129000 6.285000 6.414000
956.059719665999978 0.141000 3.210000 3.351000
956.092933925000011 0.148000 3.148000 3.296000
956.126111561000016 0.154000 3.009000 3.163000
956.159334682000008 0.123000 4.347000 4.470000
956.192579628999965 0.133000 5.118000 5.251000
956.225681473000009 0.135000 4.670000 4.805000
956.258854524999947 0.269000 6.765000 7.034000
956.292027681000036 0.000000 2.517000 2.517000
956.325314206000030 0.147000 2.496000 2.643000
956.358488207000050 0.130000 2.637000 2.767000
956.424878362999948 0.137000 2.766000 2.903000
956.458380207000005 0.128000 5.633000 5.761000
956.524395101999971 0.291000 18.244000 18.535000
956.557641550999961 0.136000 15.561000 15.697000
956.590809551000007 0.143000 8.807000 8.950000
956.624058760000025 0.163000 16.822000 16.985000
956.657237602999999 0.150000 4.115000 4.265000
956.690329550999991 0.000000 5.275000 5.275000
956.723579812000025 0.193000 9.029000 9.222000
956.756753760000038 0.149000 5.552000 5.701000
956.823174812000047 0.256000 10.455000 10.711000
956.856271863999950 0.160000 9.980000 10.140000
956.889444916000002 0.000000 8.717000 8.717000
956.922683567000036 0.166000 9.052000 9.218000
956.955855412000005 0.128000 5.813000 5.941000
957.022241358999963 0.213000 4.354000 4.567000
957.055420463000019 0.131000 1.977000 2.108000
957.088589514999967 0.000000 1.684000 1.684000
957.121778062999965 0.138000 4.581000 4.719000
957.154950115000020 0.000000 7.799000 7.799000
957.221337219000020 0.348000 8.050000 8.398000
957.287643063000019 0.229000 6.774000 7.003000
957.320816218999994 0.000000 4.278000 4.278000
957.354028168000013 0.176000 9.241000 9.417000
957.387202479000052 0.150000 6.600000 6.750000
957.453507220000006 0.149000 5.659000 5.808000
957.486722323999970 0.142000 5.809000 5.951000
957.553070062999950 0.246000 4.808000 5.054000
957.586252357000035 0.138000 4.205000 4.343000
957.619423460999997 0.129000 7.799000 7.928000
957.652687617999959 0.136000 4.016000 4.152000
957.685769357000027 0.130000 5.706000 5.836000
957.718942773999970 0.123000 4.161000 4.284000
957.752115356999980 0.122000 8.444000 8.566000
957.785394356999973 0.122000 3.528000 3.650000
957.818461565999996 0.000000 5.663000 5.663000
957.851633409999977 0.138000 4.419000 4.557000
957.884807513000055 0.140000 2.783000 2.923000
957.951207643999965 0.252000 4.108000 4.360000
957.984417434999955 0.127000 4.221000 4.348000
958.017554382999947 0.000000 5.447000 5.447000
958.050727330999962 0.140000 7.696000 7.836000
958.084024539999973 0.166000 5.120000 5.286000
958.150247788999991 0.273000 4.165000 4.438000
958.183423642999969 0.147000 4.931000 5.078000
958.216591215999983 0.000000 4.612000 4.612000
958.249763746999975 0.128000 2.438000 2.566000
958.282946487000004 0.133000 5.723000 5.856000
958.349343555000019 0.260000 7.505000 7.765000
958.382516503000033 0.129000 10.467000 10.596000
958.415688660000001 0.137000 10.059000 10.196000
958.448862608000013 0.120000 10.728000 10.848000
958.482033503000025 0.124000 8.101000 8.225000
958.515402462999987 0.125000 5.486000 5.611000
958.548495410999976 0.138000 7.890000 8.028000
958.581753463000041 0.131000 6.895000 7.026000
958.614841411000043 0.122000 9.460000 9.582000
958.648013619000039 0.126000 2.314000 2.440000
958.681265411000027 0.135000 4.364000 4.499000
958.714359463000051 0.113000 2.567000 2.680000
958.747604463000016 0.126000 2.936000 3.062000
958.780706410999983 0.120000 4.801000 4.921000
958.813884463000022 0.124000 7.887000 8.011000
958.847051463999946 0.119000 4.477000 4.596000
958.880224723999959 0.129000 7.282000 7.411000
958.913452619000054 0.122000 13.190000 13.312000
958.946571411000036 0.130000 10.518000 10.648000
958.979824567000037 0.123000 8.822000 8.945000
959.012917515000026 0.126000 9.031000 9.157000
959.046090411000023 0.119000 11.347000 11.466000
959.079336358999967 0.127000 9.267000 9.394000
959.112481567000032 0.159000 8.864000 9.023000
959.145609411000009 0.133000 8.140000 8.273000
959.178770071000031 0.127000 4.024000 4.151000
959.211898434999966 0.124000 7.694000 7.818000
959.245070175000023 0.120000 5.682000 5.802000
959.278244123000036 0.122000 6.812000 6.934000
959.311417122999956 0.125000 3.371000 3.496000
959.344640331000051 0.134000 3.803000 3.937000
959.377795123000055 0.120000 3.469000 3.589000
959.410937123000053 0.135000 4.591000 4.726000
959.444227123000019 0.120000 4.357000 4.477000
959.477361696000003 0.132000 10.368000 10.500000
959.510444409000002 0.132000 7.397000 7.529000
959.543615148999947 0.124000 3.515000 3.639000
959.576791200999992 0.118000 1.819000 1.937000
959.609921201000020 0.131000 1.641000 1.772000
959.643226304999985 0.120000 5.503000 5.623000
959.676211484999953 0.119000 10.425000 10.544000
959.709396328000025 0.135000 6.822000 6.957000
959.742600172000039 0.129000 4.897000 5.026000
959.775730223999972 0.124000 4.510000 4.634000
959.808975224000051 0.118000 6.609000 6.727000
959.842077276000055 0.180000 6.127000 6.307000
959.875320277000014 0.165000 5.736000 5.901000
959.908423536999976 0.123000 9.147000 9.270000
959.941638463999993 0.131000 7.367000 7.498000
959.974808734000021 0.134000 5.610000 5.744000
960.007940796999947 0.132000 5.652000 5.784000
960.041115379999951 0.122000 4.400000 4.522000
960.074286484000027 0.128000 6.284000 6.412000
960.107459223999967 0.123000 8.143000 8.266000
960.140678223999998 0.131000 7.165000 7.296000
960.173744447999979 0.118000 6.865000 6.983000
960.206958448000023 0.130000 10.592000 10.722000
960.240122499999984 0.131000 9.852000 9.983000
960.273306499999990 0.149000 7.800000 7.949000
960.306481500000018 0.131000 7.943000 8.074000
960.339625553000019 0.132000 4.538000 4.670000
960.372781709000037 0.122000 7.563000 7.685000
960.405956500000002 0.121000 3.629000 3.750000
960.439129500000035 0.119000 4.732000 4.851000
960.472380499999986 0.128000 8.934000 9.062000
960.505474656000047 0.127000 6.655000 6.782000
960.538649604000057 0.143000 4.471000 4.614000
960.571862551999970 0.152000 7.500000 7.652000
960.605034499999988 0.124000 11.413000 11.537000
960.638260500000001 0.151000 9.418000 9.569000
960.671346668999945 0.145000 5.494000 5.639000
960.704447617000028 0.137000 2.848000 2.985000
960.737695564999967 0.134000 4.578000 4.712000
960.770834721000028 0.132000 6.035000 6.167000
960.803967512999975 0.000000 5.521000 5.521000
960.837159237000037 0.151000 3.900000 4.051000
960.870251133000011 0.123000 3.729000 3.852000
960.936596184999985 0.137000 12.545000 12.682000
960.969900290000055 0.130000 9.481000 9.611000
961.036116132999950 0.135000 10.839000 10.974000
961.069267343999968 0.136000 7.250000 7.386000
961.135667239999975 0.127000 9.518000 9.645000
961.168746345000045 0.128000 8.213000 8.341000
961.235092291999990 0.275000 7.807000 8.082000
961.268263292000029 0.132000 10.454000 10.586000
961.301437073999978 0.129000 6.636000 6.765000
961.334655178000048 0.140000 6.795000 6.935000
961.367784176999976 0.128000 5.400000 5.528000
961.400957125999980 0.000000 6.128000 6.128000
961.434169500000053 0.126000 5.962000 6.088000
961.467342500999962 0.140000 10.439000 10.579000
961.533648240000048 0.265000 8.707000 8.972000
961.566820239999970 0.131000 8.343000 8.474000
961.599995801999967 0.129000 8.782000 8.911000
961.633166343999960 0.179000 7.360000 7.539000
961.666409605000013 0.169000 3.416000 3.585000
961.699513345000014 0.134000 6.105000 6.239000
961.732688177999989 0.131000 4.368000 4.499000
961.765858188000038 0.123000 5.952000 6.075000
961.799031239999977 0.119000 6.434000 6.553000
961.832205187999989 0.000000 3.561000 3.561000
961.865379656999949 0.131000 4.411000 4.542000
961.898551239999961 0.127000 7.079000 7.206000
961.964898240000025 0.247000 7.085000 7.332000
961.998114136000027 0.134000 6.343000 6.477000
962.031234188999974 0.142000 10.109000 10.251000
962.064368345000048 0.179000 4.582000 4.761000
962.097539241000050 0.143000 4.211000 4.354000
962.130752398000027 0.170000 5.979000 6.149000
962.163885448999963 0.150000 4.884000 5.034000
962.197098396999991 0.138000 6.703000 6.841000
962.230231293999964 0.127000 10.552000 10.679000
962.263412292999988 0.126000 12.839000 12.965000
962.296616293000056 0.132000 13.548000 13.680000
962.329750241000056 0.193000 12.798000 12.991000
962.362924397000029 0.138000 6.916000 7.054000
962.396095294000020 0.000000 6.886000 6.886000
962.429271053999969 0.147000 9.791000 9.938000
962.462486689000002 0.144000 12.567000 12.711000
962.528789792999987 0.173000 11.433000 11.606000
962.561962168000036 0.151000 12.261000 12.412000
962.628307501999984 0.312000 13.977000 14.289000
962.661480554000036 0.135000 18.220000 18.355000
962.694654230999959 0.193000 11.492000 11.685000
962.727826761999950 0.170000 10.219000 10.389000
962.761071292999986 0.129000 12.498000 12.627000
962.794172179000043 0.164000 17.591000 17.755000
962.827344657000026 0.198000 16.377000 16.575000
962.860585553999954 0.187000 16.925000 17.112000
962.893691449000016 0.170000 16.240000 16.410000
962.926787721999972 0.000000 14.126000 14.126000
962.959960888999944 0.159000 11.636000 11.795000
962.993134835999967 0.171000 5.730000 5.901000
963.059482097000000 0.151000 12.803000 12.954000
963.092753836000043 0.000000 11.667000 11.667000
963.159000836000018 0.399000 13.803000 14.202000
963.225346512999977 0.167000 13.247000 13.414000
963.258561044999965 0.164000 10.533000 10.697000
963.324865939999995 0.286000 11.921000 12.207000
963.358041407999963 0.140000 11.596000 11.736000
963.391344836000030 0.174000 6.237000 6.411000
963.424384992000000 0.000000 4.226000 4.226000
963.457602887999997 0.165000 6.394000 6.559000
963.490836835999971 0.147000 5.712000 5.859000
963.557081835999952 0.406000 6.598000 7.004000
963.590302887999997 0.158000 4.780000 4.938000
963.623476991999951 0.195000 2.850000 3.045000
963.656635888999972 0.000000 2.726000 2.726000
963.689901888000009 0.162000 4.634000 4.796000
963.722942888000034 0.000000 4.311000 4.311000
963.789381455000012 0.473000 9.179000 9.652000
963.855697403000022 0.290000 8.809000 9.099000
963.888912454999968 0.144000 8.138000 8.282000
963.922043402999975 0.000000 4.703000 4.703000
963.955215715999998 0.125000 1.999000 2.124000
963.988559764999991 0.139000 3.747000 3.886000
964.054821180999966 0.286000 16.197000 16.483000
964.087999816999968 0.143000 10.774000 10.917000
964.121205817000032 0.150000 5.845000 5.995000
964.154338660999997 0.130000 7.543000 7.673000
964.187606675999973 0.148000 8.745000 8.893000
964.220817675000035 0.123000 4.745000 4.868000
964.253948571000024 0.133000 8.021000 8.154000
964.287165415000004 0.162000 8.632000 8.794000
964.320295415000032 0.145000 3.794000 3.939000
964.353605411999979 0.139000 8.246000 8.385000
964.386711245000015 0.140000 7.004000 7.144000
964.419884453999998 0.147000 6.060000 6.207000
964.453098038000007 0.138000 4.639000 4.777000
964.486230817999967 0.143000 8.609000 8.752000
964.519401829000003 0.142000 7.813000 7.955000
964.552574567999955 0.131000 4.532000 4.663000
964.585750652000002 0.147000 5.863000 6.010000
964.618961359999957 0.135000 3.207000 3.342000
964.652142421999997 0.139000 5.738000 5.877000
964.685311880999961 0.135000 2.353000 2.488000
964.718534360000035 0.139000 3.094000 3.233000
964.751684932999979 0.136000 8.507000 8.643000
964.784786517000043 0.131000 4.700000 4.831000
964.817999360000044 0.140000 7.524000 7.664000
964.851165359999982 0.136000 5.125000 5.261000
964.884348777000014 0.130000 4.044000 4.174000
964.917553360000056 0.144000 5.619000 5.763000
964.950727516000029 0.135000 6.684000 6.819000
964.983958411999993 0.142000 7.852000 7.994000
965.017057709000028 0.130000 5.157000 5.287000
965.050234377000038 0.146000 5.322000 5.468000
965.083445334999965 0.133000 6.200000 6.333000
965.116617022000014 0.138000 5.866000 6.004000
965.149797023000019 0.130000 6.600000 6.730000
965.182999307000046 0.135000 3.884000 4.019000
965.216263578000053 0.137000 2.046000 2.183000
965.249345525999956 0.143000 4.290000 4.433000
965.282558526000003 0.139000 6.305000 6.444000
965.315731578000054 0.151000 7.070000 7.221000
965.348945577999984 0.148000 5.422000 5.570000
965.382128577999993 0.140000 5.432000 5.572000
965.415292578000049 0.141000 3.617000 3.758000
965.448444150999990 0.142000 3.454000 3.596000
965.481602629999998 0.143000 8.433000 8.576000
965.514771631000031 0.133000 7.362000 7.495000
965.547996681999962 0.139000 4.691000 4.830000
965.581076629999984 0.000000 6.665000 6.665000
965.614248578000002 0.142000 3.762000 3.904000
965.647420733999979 0.138000 9.005000 9.143000
965.713783089000003 0.136000 7.464000 7.600000
965.747027410999976 0.132000 4.640000 4.772000
965.813353817000007 0.286000 4.106000 4.392000
965.846551525999985 0.139000 3.650000 3.789000
965.879631526000026 0.132000 4.922000 5.054000
965.912804474000040 0.147000 4.201000 4.348000
965.945977525999979 0.138000 4.130000 4.268000
965.979150526000012 0.136000 10.156000 10.292000
966.012323577999950 0.127000 5.902000 6.029000
966.045497577999981 0.132000 6.034000 6.166000
966.078670578000015 0.133000 4.096000 4.229000
966.111842578000051 0.131000 5.226000 5.357000
966.145060577999971 0.127000 6.126000 6.253000
966.178192785999954 0.129000 5.627000 5.756000
966.211432577999972 0.132000 4.171000 4.303000
966.244596630000046 0.153000 7.845000 7.998000
966.277707525999972 0.133000 10.545000 10.678000
966.311010578000037 0.138000 9.731000 9.869000
966.344052526000041 0.140000 5.668000 5.808000
966.377271525999959 0.130000 8.483000 8.613000
966.410402578000003 0.135000 11.293000 11.428000
966.443571733999988 0.135000 8.760000 8.895000
966.476789839000048 0.128000 7.574000 7.702000
966.509917525999981 0.142000 6.819000 6.961000
966.544050525999978 0.137000 7.447000 7.584000
966.576213458999973 0.133000 8.351000 8.484000
966.609405458999959 0.143000 11.429000 11.572000
966.642605407000019 0.140000 9.970000 10.110000
966.675732407000055 0.151000 9.179000 9.330000
966.708947459000001 0.151000 8.242000 8.393000
966.742078407000008 0.179000 7.992000 8.171000
966.775298615999986 0.134000 13.898000 14.032000
966.808469406999961 0.149000 7.968000 8.117000
966.841644459000008 0.140000 9.135000 9.275000
966.874899458999948 0.137000 10.274000 10.411000
966.907948458999954 0.169000 3.770000 3.939000
966.941156406999994 0.143000 6.295000 6.438000
966.974321458999952 0.157000 4.849000 5.006000
967.007509407000043 0.203000 3.833000 4.036000
967.040714354999977 0.161000 5.513000 5.674000
967.073760913999990 0.138000 9.306000 9.444000
967.106933966000042 0.168000 14.206000 14.374000
967.140153862000034 0.201000 11.064000 11.265000
967.173319121999953 0.196000 12.204000 12.400000
967.206490914000028 0.152000 10.833000 10.985000
967.239662913999950 0.203000 11.373000 11.576000
967.272798071000011 0.180000 11.360000 11.540000
967.305970914000000 0.155000 10.144000 10.299000
967.339184967000051 0.156000 6.129000 6.285000
967.372357965999981 0.151000 5.555000 5.706000
967.405419679000033 0.142000 6.656000 6.798000
967.438605648000021 0.154000 8.969000 9.123000
967.471763595999960 0.193000 9.739000 9.932000
967.504936648000012 0.183000 11.506000 11.689000
967.538154596000027 0.199000 10.257000 10.456000
967.571323647999975 0.170000 7.270000 7.440000
967.604496648000008 0.140000 3.961000 4.101000
967.637629751999953 0.160000 8.086000 8.246000
967.670842596000057 0.171000 10.139000 10.310000
967.703974647999985 0.165000 10.954000 11.119000
967.737147701000026 0.152000 8.361000 8.513000
967.770459856000002 0.145000 10.026000 10.171000
967.803494699999987 0.143000 5.589000 5.732000
967.836785648000046 0.149000 7.223000 7.372000
967.869908647999978 0.140000 5.421000 5.561000
967.903012699999977 0.248000 3.359000 3.607000
967.936292647999949 0.140000 11.514000 11.654000
967.969434856000021 0.000000 7.498000 7.498000
968.002637262999997 0.000000 10.178000 10.178000
968.035709324999971 0.207000 10.213000 10.420000
968.135194951000017 0.193000 10.823000 11.016000
968.201569899999981 0.342000 11.139000 11.481000
968.267845056000056 0.154000 11.810000 11.964000
968.301019315999952 0.000000 9.701000 9.701000
968.367448243000013 0.284000 12.166000 12.450000
968.433639843000037 0.263000 12.112000 12.375000
968.466914843000040 0.142000 12.129000 12.271000
968.499987948000012 0.172000 11.990000 12.162000
968.533164843000009 0.162000 9.720000 9.882000
968.566332843000055 0.143000 5.468000 5.611000
968.599506842999972 0.199000 11.983000 12.182000
968.632805946999952 0.178000 18.920000 19.098000
968.665851103000023 0.150000 13.031000 13.181000
968.699064948000000 0.192000 12.120000 12.312000
968.732300842999962 0.159000 10.450000 10.609000
968.765481842999975 0.137000 6.213000 6.350000
968.798661103999962 0.136000 5.048000 5.184000
968.831806947000018 0.146000 8.230000 8.376000
968.864889051999967 0.130000 9.563000 9.693000
968.898060791000034 0.144000 9.676000 9.820000
968.931313947000035 0.155000 7.673000 7.828000
968.964448947000051 0.146000 5.398000 5.544000
968.997580156000026 0.137000 4.230000 4.367000
969.030825155999992 0.130000 5.511000 5.641000
969.063997998999980 0.232000 4.922000 5.154000
969.097172946999990 0.151000 5.835000 5.986000
969.130273843000055 0.137000 4.765000 4.902000
969.163445842999977 0.136000 3.692000 3.828000
969.196673102999966 0.134000 5.894000 6.028000
969.229789843000049 0.132000 3.170000 3.302000
969.262911123999970 0.131000 5.514000 5.645000
969.296119124000029 0.139000 2.039000 2.178000
969.329292072000044 0.132000 3.803000 3.935000
969.362471281000012 0.133000 3.034000 3.167000
969.395599176000019 0.136000 6.214000 6.350000
969.428817176000052 0.136000 6.941000 7.077000
969.461946123999951 0.129000 7.317000 7.446000
969.495158176000018 0.144000 3.253000 3.397000
969.528420227999959 0.165000 5.920000 6.085000
969.561464175999959 0.134000 7.825000 7.959000
969.594785124000055 0.138000 4.749000 4.887000
969.627815331999955 0.135000 7.902000 8.037000
969.660982124000043 0.138000 8.751000 8.889000
969.694198175999986 0.137000 12.548000 12.685000
969.727400228999954 0.151000 8.781000 8.932000
969.760502176000045 0.162000 11.513000 11.675000
969.793674175999968 0.146000 9.423000 9.569000
969.826917124000033 0.161000 11.503000 11.664000
969.860024124000006 0.154000 11.077000 11.231000
969.893234123999946 0.168000 9.628000 9.796000
969.926480101000038 0.208000 11.078000 11.286000
969.959612100999948 0.173000 11.469000 11.642000
969.992948153000043 0.146000 10.285000 10.431000
970.025959101000012 0.161000 10.200000 10.361000
970.059133049000025 0.156000 8.526000 8.682000
970.092345048999960 0.159000 3.330000 3.489000
970.125477101999991 0.149000 6.231000 6.380000
970.158788101000027 0.142000 5.064000 5.206000
970.191823049000050 0.142000 2.715000 2.857000
970.225008361000050 0.135000 2.186000 2.321000
970.258110020999993 0.151000 3.756000 3.907000
970.291278969000018 0.138000 3.885000 4.023000
970.324496124999996 0.131000 5.290000 5.421000
970.357584968999959 0.132000 10.050000 10.182000
970.390759021000008 0.133000 9.948000 10.081000
970.423933021000039 0.179000 8.909000 9.088000
970.457178968999983 0.193000 8.756000 8.949000
970.490279125000029 0.203000 6.260000 6.463000
970.523452916999986 0.173000 4.764000 4.937000
970.556663281000056 0.175000 11.161000 11.336000
970.589740166999945 0.158000 9.244000 9.402000
970.622990959000049 0.150000 11.769000 11.919000
970.656214905999946 0.159000 5.254000 5.413000
970.689268854000034 0.190000 4.619000 4.809000
970.722477010000034 0.142000 3.725000 3.867000
970.755603958000052 0.163000 2.718000 2.881000
970.788854905999983 0.139000 4.507000 4.646000
970.822081905999994 0.151000 2.202000 2.353000
970.855198958999949 0.148000 3.180000 3.328000
970.888301906000038 0.193000 7.815000 8.008000
970.921542971999997 0.174000 3.562000 3.736000
970.954715920000012 0.233000 4.268000 4.501000
970.987887973000056 0.183000 5.918000 6.101000
971.021062077000011 0.178000 5.032000 5.210000
971.054234919999999 0.138000 1.899000 2.037000
971.087406920000035 0.143000 4.177000 4.320000
971.120579919999955 0.141000 6.878000 7.019000
971.153753025000015 0.143000 4.443000 4.586000
971.186926868000000 0.133000 1.941000 2.074000
971.220099868000034 0.138000 3.847000 3.985000
971.253344872999946 0.148000 5.250000 5.398000
971.286518977000014 0.000000 2.057000 2.057000
971.319692030000056 0.144000 2.374000 2.518000
971.352865028999986 0.129000 1.979000 2.108000
971.419237924999948 0.292000 4.727000 5.019000
971.452495311999996 0.167000 8.166000 8.333000
971.485627259000012 0.167000 4.673000 4.840000
971.518839467000021 0.153000 5.130000 5.283000
971.551974258999962 0.000000 8.313000 8.313000
971.585146311000017 0.156000 6.961000 7.117000
971.618391627000051 0.157000 10.383000 10.540000
971.684777845999974 0.153000 8.663000 8.816000
971.717909845999998 0.182000 12.664000 12.846000
971.751158637999993 0.146000 8.098000 8.244000
971.817468741999960 0.307000 8.285000 8.592000
971.850662237000051 0.148000 3.774000 3.922000
971.883905393999953 0.144000 5.205000 5.349000
971.917009289000021 0.136000 3.793000 3.929000
971.950308288999963 0.149000 6.755000 6.904000
971.983395341000005 0.000000 2.008000 2.008000
972.016623611999989 0.151000 4.149000 4.300000
972.049752560000002 0.153000 4.386000 4.539000
972.116102663999982 0.156000 6.559000 6.715000
972.149273507999965 0.173000 8.769000 8.942000
972.182445664000056 0.150000 4.622000 4.772000
972.248791560999962 0.160000 4.112000 4.272000
972.281963664000045 0.176000 1.962000 2.138000
972.315136611999947 0.138000 3.493000 3.631000
972.381484081000053 0.281000 6.187000 6.468000
972.414656508000007 0.134000 6.474000 6.608000
972.447869559999958 0.130000 4.101000 4.231000
972.481002664000016 0.136000 4.121000 4.257000
972.514175664000049 0.134000 6.355000 6.489000
972.547389508000037 0.204000 3.495000 3.699000
972.580562507999957 0.167000 7.105000 7.272000
972.613712508000049 0.202000 7.563000 7.765000
972.646907820000024 0.156000 4.509000 4.665000
972.680039663999992 0.158000 4.368000 4.526000
972.713257559999988 0.139000 4.280000 4.419000
972.746427560000029 0.141000 4.485000 4.626000
972.779598559999954 0.134000 6.685000 6.819000
972.812771454999961 0.133000 4.940000 5.073000
972.845905507999987 0.134000 3.823000 3.957000
972.879119455000023 0.175000 5.614000 5.789000
972.912251716000014 0.209000 3.463000 3.672000
972.945423507999976 0.328000 2.401000 2.729000
972.978597560000026 0.144000 2.882000 3.026000
973.011769508000043 0.162000 1.749000 1.911000
973.044943559999979 0.164000 3.633000 3.797000
973.078116561000002 0.154000 2.175000 2.329000
973.111330561000045 0.138000 4.277000 4.415000
973.144461559999968 0.177000 3.394000 3.571000
973.177634560000001 0.162000 5.467000 5.629000
973.210904664000054 0.172000 3.463000 3.635000
973.243981769000015 0.148000 2.734000 2.882000
973.277222560000041 0.168000 3.586000 3.754000
973.310327560000019 0.201000 4.310000 4.511000
973.343567559999997 0.149000 4.387000 4.536000
973.376741873000014 0.136000 6.311000 6.447000
973.409850290000008 0.157000 4.855000 5.012000
973.443178041000010 0.149000 1.911000 2.060000
973.476260041000046 0.154000 3.963000 4.117000
973.509478988999945 0.136000 3.495000 3.631000
973.542604883999957 0.217000 6.495000 6.712000
973.575776728000051 0.146000 6.727000 6.873000
973.609020728000019 0.191000 9.092000 9.283000
973.642122780000022 0.192000 8.594000 8.786000
973.675474195999982 0.222000 8.477000 8.699000
973.708594833000006 0.185000 11.092000 11.277000
973.741702039999950 0.165000 13.998000 14.163000
973.774816780000037 0.145000 13.294000 13.439000
973.807988779999960 0.148000 11.845000 11.993000
973.841249884000035 0.143000 9.572000 9.715000
973.874335092000024 0.146000 14.066000 14.212000
973.907507988000020 0.146000 11.796000 11.942000
973.940808727999979 0.133000 18.111000 18.244000
973.973862936000046 0.204000 12.196000 12.400000
974.007026728000028 0.156000 9.734000 9.890000
974.040198727999950 0.147000 7.936000 8.083000
974.073373832000016 0.157000 7.073000 7.230000
974.106545728000015 0.144000 11.693000 11.837000
974.139735728000005 0.140000 6.535000 6.675000
974.172896831999992 0.126000 6.762000 6.888000
974.206064675999983 0.131000 10.238000 10.369000
974.239237041000024 0.146000 5.623000 5.769000
974.272379641000043 0.179000 4.821000 5.000000
974.305552692999981 0.155000 5.437000 5.592000
974.338728798000034 0.153000 6.555000 6.708000
974.371859473999962 0.138000 8.414000 8.552000
974.405072579000034 0.142000 5.596000 5.738000
974.438137920000031 0.140000 5.448000 5.588000
974.471309139000027 0.139000 5.709000 5.848000
974.504481983000005 0.140000 5.860000 6.000000
974.537658982000039 0.141000 6.278000 6.419000
974.570829451000009 0.154000 5.863000 6.017000
974.604003554999963 0.154000 8.351000 8.505000
974.637173931000007 0.146000 6.314000 6.460000
974.670347878000030 0.161000 8.407000 8.568000
974.703520981999986 0.000000 9.541000 9.541000
974.736693930000001 0.149000 10.585000 10.734000
974.769948816000010 0.143000 7.112000 7.255000
974.836217919999967 0.264000 7.280000 7.544000
974.869387138999969 0.167000 5.465000 5.632000
974.902558878000036 0.138000 2.283000 2.421000
974.935732086000030 0.121000 3.731000 3.852000
974.968904930999997 0.123000 5.340000 5.463000
975.002077983000049 0.127000 4.007000 4.134000
975.035251929999959 0.137000 5.206000 5.343000
975.068513825999958 0.131000 2.216000 2.347000
975.101664877999951 0.132000 3.856000 3.988000
975.134797122999998 0.150000 4.413000 4.563000
975.167885227000056 0.135000 3.877000 4.012000
975.201061436000032 0.127000 4.233000 4.360000
975.234232070999951 0.000000 3.419000 3.419000
975.267477748000033 0.139000 4.501000 4.640000
975.300507574999983 0.187000 4.571000 4.758000
975.366931522999948 0.173000 7.294000 7.467000
975.400025262999975 0.128000 6.928000 7.056000
975.466501210000047 0.226000 8.799000 9.025000
975.499544211000057 0.132000 6.658000 6.790000
975.532660329000009 0.172000 5.779000 5.951000
975.565908433000004 0.000000 7.174000 7.174000
975.599099485000011 0.197000 7.649000 7.846000
975.632217433000051 0.167000 5.232000 5.399000
975.698523380999973 0.283000 4.239000 4.522000
975.731697328999985 0.141000 3.849000 3.990000
975.764869277000003 0.147000 4.772000 4.919000
975.798043277000033 0.144000 4.684000 4.828000
975.831220328999962 0.168000 9.655000 9.823000
975.864441328999987 0.143000 6.450000 6.593000
975.897560277000025 0.127000 3.990000 4.117000
975.930732692999982 0.143000 4.125000 4.268000
975.963979329000040 0.157000 7.893000 8.050000
975.997213277000014 0.000000 6.722000 6.722000
976.030301277000035 0.182000 4.034000 4.216000
976.063427589999947 0.185000 3.809000 3.994000
976.129772225000011 0.180000 7.812000 7.992000
976.163071328999990 0.201000 10.093000 10.294000
976.196120641999983 0.186000 7.203000 7.389000
976.262507277000054 0.197000 5.038000 5.235000
976.295711277000009 0.194000 5.434000 5.628000
976.328893589000018 0.181000 5.978000 6.159000
976.395196486000032 0.266000 5.148000 5.414000
976.428372589999981 0.161000 9.533000 9.694000
976.461502432999964 0.000000 8.772000 8.772000
976.494774693999943 0.177000 8.680000 8.857000
976.527849536999952 0.240000 8.200000 8.440000
976.594253329000026 0.376000 7.843000 8.219000
976.627368380999997 0.235000 4.749000 4.984000
976.660582277000003 0.191000 6.124000 6.315000
976.693713329000047 0.207000 5.290000 5.497000
976.726931328999967 0.188000 6.253000 6.441000
976.760124328999950 0.197000 9.935000 10.132000
976.793322902000000 0.201000 6.770000 6.971000
976.826407485000004 0.170000 7.664000 7.834000
976.859579276999966 0.223000 8.819000 9.042000
976.892751434000047 0.164000 9.340000 9.504000
976.925923277000038 0.251000 7.865000 8.116000
976.959097328999974 0.184000 5.541000 5.725000
976.992399330000012 0.194000 7.951000 8.145000
977.025443484999983 0.138000 7.834000 7.972000
977.058656225000050 0.146000 10.868000 11.014000
977.091788276999978 0.141000 9.951000 10.092000
977.124961589999998 0.143000 6.860000 7.003000
977.158425641000008 0.129000 8.162000 8.291000
977.191325329000051 0.153000 7.788000 7.941000
977.224520330000018 0.134000 10.696000 10.830000
977.257654329000047 0.130000 13.726000 13.856000
977.290826590000052 0.145000 8.086000 8.231000
977.324041276999992 0.143000 5.416000 5.559000
977.357214590000012 0.130000 7.006000 7.136000
977.390347328999951 0.133000 10.606000 10.739000
977.423518328999990 0.136000 6.533000 6.669000
977.456733382000039 0.203000 7.584000 7.787000
977.489865329000054 0.178000 6.175000 6.353000
977.522974177000037 0.190000 9.667000 9.857000
977.556189520999965 0.191000 13.592000 13.783000
977.589321468999970 0.147000 8.976000 9.123000
977.622535469000013 0.138000 8.457000 8.595000
977.655665228999965 0.151000 8.000000 8.151000
977.688880229000006 0.146000 5.009000 5.155000
977.722054125000000 0.140000 7.047000 7.187000
977.755184228999951 0.148000 8.354000 8.502000
977.788400176999971 0.000000 5.586000 5.586000
977.821531229000016 0.156000 7.906000 8.062000
977.854812353000057 0.137000 7.323000 7.460000
977.921119353999984 0.277000 5.709000 5.986000
977.954290248999996 0.166000 5.924000 6.090000
977.987465197000006 0.140000 4.077000 4.217000
978.020707196999979 0.133000 6.740000 6.873000
978.053874704000009 0.132000 2.247000 2.379000
978.087047546999997 0.122000 4.572000 4.694000
978.120221495000010 0.169000 5.430000 5.599000
978.153393495000046 0.150000 2.981000 3.131000
978.186567651000018 0.000000 3.828000 3.828000
978.219810695999968 0.139000 9.061000 9.200000
978.252981872999953 0.142000 7.531000 7.673000
978.319397247999973 0.256000 8.617000 8.873000
978.352499247999958 0.139000 4.129000 4.268000
978.385673247999989 0.000000 2.340000 2.340000
978.419002693000039 0.138000 4.519000 4.657000
978.452098119999960 0.167000 6.758000 6.925000
978.518445173000032 0.149000 7.137000 7.286000
978.551620734000039 0.205000 12.403000 12.608000
978.584885224000004 0.155000 9.425000 9.580000
978.651303887000040 0.146000 8.655000 8.801000
978.684402835000014 0.000000 5.119000 5.119000
978.717697885999996 0.232000 6.017000 6.249000
978.817096677999984 0.273000 6.905000 7.178000
978.850268886999970 0.131000 9.345000 9.476000
978.883625899999970 0.145000 5.502000 5.647000
978.949894743999948 0.130000 7.171000 7.301000
978.983027619000040 0.149000 13.491000 13.640000
979.049445743999968 0.311000 9.336000 9.647000
979.082615848000046 0.000000 4.350000 4.350000
979.115718796000010 0.140000 7.361000 7.501000
979.148973692000027 0.142000 5.522000 5.664000
979.215335743999958 0.393000 6.586000 6.979000
979.248544941999967 0.150000 9.775000 9.925000
979.281699900000035 0.167000 11.799000 11.966000
979.314757795999981 0.000000 5.412000 5.412000
979.347931796000012 0.000000 3.230000 3.230000
979.381104899999968 0.207000 4.851000 5.058000
979.480667098000026 0.316000 3.878000 4.194000
979.547014055999966 0.381000 5.588000 5.969000
979.580142421000005 0.147000 4.786000 4.933000
979.613313847999962 0.142000 2.787000 2.929000
979.646615743999973 0.137000 3.043000 3.180000
979.679733692000013 0.146000 2.904000 3.050000
979.712904743999957 0.196000 3.755000 3.951000
979.746004692000042 0.143000 3.612000 3.755000
979.779178795999997 0.216000 2.368000 2.584000
979.812351899999953 0.137000 2.803000 2.940000
979.845526795999945 0.173000 4.867000 5.040000
979.878695848000007 0.170000 7.567000 7.737000
979.911923874999957 0.196000 8.017000 8.213000
979.945096979000027 0.187000 7.090000 7.277000
979.978270875000021 0.203000 5.945000 6.148000
980.011454875000027 0.152000 3.430000 3.582000
980.044617134999953 0.141000 3.779000 3.920000
980.077790927000024 0.171000 3.370000 3.541000
980.110961928000052 0.248000 1.489000 1.737000
980.144134979000000 0.139000 1.135000 1.274000
980.177592926999978 0.132000 1.239000 1.371000
980.210607926999955 0.130000 1.445000 1.575000
980.243780926999989 0.127000 2.063000 2.190000
980.276903187000016 0.128000 6.198000 6.326000
980.310002082999972 0.134000 7.660000 7.794000
980.343215188000045 0.159000 15.019000 15.178000
980.376347084000031 0.136000 9.601000 9.737000
980.409608979000041 0.199000 9.397000 9.596000
980.442824926999947 0.163000 3.781000 3.944000
980.475865031000012 0.140000 2.835000 2.975000
980.509037979000027 0.141000 6.657000 6.798000
980.542210875000023 0.140000 13.266000 13.406000
980.575386875000049 0.152000 7.975000 8.127000
980.608627875000025 0.144000 11.585000 11.729000
980.641771927000036 0.178000 8.349000 8.527000
980.674976926999989 0.190000 10.646000 10.836000
980.708075822999945 0.184000 11.191000 11.375000
980.741290875000004 0.137000 5.832000 5.969000
980.774464875000035 0.139000 7.498000 7.637000
980.807635926999978 0.152000 7.023000 7.175000
980.840769759999944 0.148000 9.480000 9.628000
980.873941927000033 0.132000 8.512000 8.644000
980.907022191000010 0.130000 9.981000 10.111000
980.940194242999951 0.149000 5.642000 5.791000
980.973367190999966 0.219000 10.707000 10.926000
981.006539243000020 0.253000 12.006000 12.259000
981.039711243000056 0.187000 13.742000 13.929000
981.072817332000000 0.182000 16.019000 16.201000
981.105990435999956 0.154000 7.946000 8.100000
981.139162435999992 0.136000 8.491000 8.627000
981.172334488000047 0.136000 7.609000 7.745000
981.205509332000020 0.125000 6.929000 7.054000
981.238703832000056 0.124000 6.720000 6.844000
981.271774832000006 0.130000 11.128000 11.258000
981.304947780000020 0.149000 8.222000 8.371000
981.338120780000054 0.171000 6.993000 7.164000
981.371335832000000 0.215000 5.922000 6.137000
981.404512561000047 0.271000 6.502000 6.773000
981.437640030000011 0.171000 5.224000 5.395000
981.470814613000016 0.000000 7.189000 7.189000
981.503985768999996 0.147000 5.438000 5.585000
981.537158197000053 0.144000 2.502000 2.646000
981.603546249000033 0.139000 4.873000 5.012000
981.636677884000051 0.138000 6.188000 6.326000
981.669850728000029 0.134000 1.963000 2.097000
981.736250779999978 0.278000 3.905000 4.183000
981.769369675999997 0.134000 6.541000 6.675000
981.802550204999989 0.144000 6.858000 7.002000
981.835686516999999 0.141000 5.092000 5.233000
981.868819465999991 0.132000 2.433000 2.565000
981.901991308999982 0.000000 1.967000 1.967000
981.935164309000015 0.134000 3.252000 3.386000
981.968287572000008 0.129000 7.706000 7.835000
982.034643469000002 0.144000 8.325000 8.469000
982.067807467999955 0.159000 5.222000 5.381000
982.101017520000028 0.142000 4.894000 5.036000
982.167329300999995 0.278000 5.927000 6.205000
982.200500144999978 0.132000 7.283000 7.415000
982.233673926000051 0.000000 4.805000 4.805000
982.266845364000005 0.136000 5.373000 5.509000
982.300016415999949 0.133000 5.207000 5.340000
982.366409521000037 0.271000 8.045000 8.316000
982.399535416000049 0.133000 6.998000 7.131000
982.432756415999961 0.137000 6.829000 6.966000
982.465881416000002 0.143000 8.106000 8.249000
982.499095519999969 0.139000 4.043000 4.182000
982.532268467999984 0.134000 4.017000 4.151000
982.565456329999961 0.000000 6.311000 6.311000
982.598629277999976 0.129000 7.223000 7.352000
982.631844173999980 0.140000 2.742000 2.882000
982.698190225999952 0.273000 3.524000 3.797000
982.731321383000022 0.133000 5.403000 5.536000
982.764564666999945 0.135000 3.240000 3.375000
982.797736823000037 0.151000 4.402000 4.553000
982.830909875999964 0.134000 6.212000 6.346000
982.864123563000021 0.140000 5.344000 5.484000
982.897256614999947 0.171000 4.561000 4.732000
982.930428667000001 0.000000 4.813000 4.813000
982.963690667000037 0.145000 4.150000 4.295000
982.996866615000044 0.142000 7.429000 7.571000
983.063208615000008 0.280000 10.169000 10.449000
983.096295083999962 0.149000 6.425000 6.574000
983.129506771000024 0.164000 7.512000 7.676000
983.162643719000016 0.144000 3.852000 3.996000
983.195812718999946 0.154000 8.910000 9.064000
983.229045668000026 0.000000 5.636000 5.636000
983.262266978999946 0.156000 6.225000 6.381000
983.295333770999946 0.142000 2.892000 3.034000
983.361677666999981 0.312000 3.726000 4.038000
983.394853772000033 0.150000 4.645000 4.795000
983.428024615000027 0.142000 3.196000 3.338000
983.461197563000042 0.161000 3.683000 3.844000
983.494420946999981 0.147000 4.535000 4.682000
983.527592894999998 0.157000 3.792000 3.949000
983.560766895000029 0.150000 4.460000 4.610000
983.594048051999948 0.137000 5.178000 5.315000
983.627112051000040 0.000000 6.311000 6.311000
983.660344828999996 0.163000 2.078000 2.241000
983.693602983999995 0.141000 3.123000 3.264000
983.759864568000012 0.270000 7.133000 7.403000
983.793036619999953 0.150000 3.751000 3.901000
983.826209672000005 0.000000 2.066000 2.066000
983.859445992000019 0.139000 1.950000 2.089000
983.892619043999957 0.137000 3.421000 3.558000
983.958964044000027 0.277000 5.249000 5.526000
983.992136992000042 0.134000 1.942000 2.076000
984.025422992000017 0.136000 3.178000 3.314000
984.058537584999954 0.134000 4.165000 4.299000
984.091783585000030 0.135000 3.330000 3.465000
984.124882585000023 0.130000 3.343000 3.473000
984.158055585000056 0.136000 1.949000 2.085000
984.191228636999995 0.000000 3.085000 3.085000
984.224402637000026 0.000000 4.059000 4.059000
984.257574585000043 0.138000 3.759000 3.897000
984.357098532999998 0.418000 5.813000 6.231000
984.390271533000032 0.129000 7.202000 7.331000
984.423480689000030 0.136000 4.685000 4.821000
984.456656533000000 0.000000 6.481000 6.481000
984.489832585000045 0.135000 3.405000 3.540000
984.523000637999985 0.141000 4.449000 4.590000
984.589348585000039 0.133000 5.755000 5.888000
984.622556637000002 0.140000 2.898000 3.038000
984.688900586000045 0.266000 4.178000 4.444000
984.722038688999987 0.000000 5.809000 5.809000
984.755676741000002 0.144000 3.878000 4.022000
984.788343532999988 0.146000 5.111000 5.257000
984.854730584999970 0.316000 3.752000 4.068000
984.887901678000048 0.128000 2.565000 2.693000
984.921035002000053 0.148000 1.976000 2.124000
984.954206586000055 0.136000 3.132000 3.268000
984.987381897999967 0.136000 3.171000 3.307000
985.020552585000019 0.141000 3.349000 3.490000
985.053730688999963 0.138000 3.747000 3.885000
985.086900584999967 0.130000 3.139000 3.269000
985.120095533000040 0.129000 3.306000 3.435000
985.153285481000012 0.135000 1.932000 2.067000
985.186419584999953 0.164000 3.328000 3.492000
985.219592845999955 0.156000 2.510000 2.666000
985.252763585000025 0.147000 1.990000 2.137000
985.285937637999950 0.139000 2.062000 2.201000
985.319110689000013 0.152000 1.847000 1.999000
985.352282844999991 0.131000 3.217000 3.348000
985.385497158000021 0.142000 2.855000 2.997000
985.418630533000055 0.134000 1.970000 2.104000
985.451842585000009 0.136000 3.464000 3.600000
985.484974688999955 0.135000 2.117000 2.252000
985.518147533000047 0.134000 2.042000 2.176000
985.551367532999961 0.132000 1.965000 2.097000
985.584494740999958 0.135000 2.105000 2.240000
985.617739845999949 0.128000 3.168000 3.296000
985.650919585999986 0.140000 2.153000 2.293000
985.684012532999986 0.129000 3.343000 3.472000
985.717185533000020 0.131000 3.225000 3.356000
985.750359481000032 0.139000 3.182000 3.321000
985.783605585000032 0.137000 3.389000 3.526000
985.816779533000044 0.131000 4.139000 4.270000
985.849878585000056 0.262000 3.427000 3.689000
985.883051896999973 0.126000 3.282000 3.408000
985.916226845999972 0.143000 2.605000 2.748000
985.949437793000016 0.205000 2.549000 2.754000
985.982570481000039 0.208000 2.218000 2.426000
986.015832741000054 0.139000 4.511000 4.650000
986.048919585000021 0.149000 3.051000 3.200000
986.082089533000044 0.151000 3.898000 4.049000
986.115261584999985 0.156000 2.322000 2.478000
986.148434533000000 0.142000 2.235000 2.377000
986.181648001999974 0.140000 3.777000 3.917000
986.214719865999996 0.133000 2.861000 2.994000
986.247891916999947 0.133000 2.227000 2.360000
986.281108864999965 0.127000 2.258000 2.385000
986.314239812999972 0.141000 2.204000 2.345000
986.347452813000018 0.129000 2.908000 3.037000
986.380574831999979 0.145000 4.457000 4.602000
986.413779832000046 0.141000 3.110000 3.251000
986.446956143999955 0.151000 3.354000 3.505000
986.480055831999948 0.137000 2.234000 2.371000
986.513226884000005 0.146000 2.405000 2.551000
986.546400832000018 0.156000 3.748000 3.904000
986.579612833000056 0.163000 2.718000 2.881000
986.612817884000037 0.141000 2.754000 2.895000
986.645919779999986 0.139000 2.987000 3.126000
986.679164779999951 0.135000 2.116000 2.251000
986.712327832000028 0.129000 3.854000 3.983000
986.745478779999985 0.144000 2.760000 2.904000
986.778653780000013 0.140000 2.256000 2.396000
986.811783728000023 0.131000 2.028000 2.159000
986.845039831999998 0.129000 2.017000 2.146000
986.878129832000013 0.134000 1.819000 1.953000
986.911302832000047 0.135000 1.828000 1.963000
986.944476779999945 0.125000 3.233000 3.358000
986.977648779999981 0.144000 4.313000 4.457000
987.010862728000006 0.133000 2.034000 2.167000
987.044070321000049 0.141000 3.155000 3.296000
987.077318528999967 0.136000 3.675000 3.811000
987.110548153999957 0.145000 5.548000 5.693000
987.143589206999991 0.133000 3.198000 3.331000
987.176761269000053 0.147000 3.024000 3.171000
987.210018431999970 0.139000 3.168000 3.307000
987.243190640999956 0.137000 3.421000 3.558000
987.276367432000029 0.133000 3.335000 3.468000
987.309623483999985 0.139000 3.076000 3.215000
987.342836692999981 0.183000 4.170000 4.353000
987.375966190999975 0.172000 3.460000 3.632000
987.409122242999956 0.244000 4.370000 4.614000
987.442334295000023 0.205000 4.486000 4.691000
987.475466296000036 0.169000 5.475000 5.644000
987.508693191000020 0.184000 5.026000 5.210000
987.541813190999960 0.161000 8.583000 8.744000
987.574991242999999 0.168000 5.046000 5.214000
987.608199242999945 0.154000 3.870000 4.024000
987.641331190999949 0.153000 5.412000 5.565000
987.674545295000030 0.141000 6.141000 6.282000
987.707677243000035 0.155000 3.982000 4.137000
987.740902243000050 0.148000 4.041000 4.189000
987.774026347000017 0.161000 3.861000 4.022000
987.807237243000031 0.166000 3.705000 3.871000
987.840373191000026 0.162000 3.471000 3.633000
987.873649895999961 0.144000 5.838000 5.982000
987.906822948000013 0.156000 9.501000 9.657000
987.939989999999966 0.146000 5.773000 5.919000
987.973121947999971 0.204000 8.541000 8.745000
988.006296000000020 0.146000 8.557000 8.703000
988.039604788000020 0.199000 9.915000 10.114000
988.072692788000040 0.177000 7.975000 8.152000
988.105963839999959 0.192000 7.213000 7.405000
988.139037840000015 0.165000 5.237000 5.402000
988.172258840000040 0.165000 2.748000 2.913000
988.205441082999982 0.166000 3.795000 3.961000
988.238615030000005 0.159000 3.519000 3.678000
988.271792030000029 0.138000 3.701000 3.839000
988.304961499000001 0.143000 2.947000 3.090000
988.338215977999994 0.142000 6.544000 6.686000
988.371437502000049 0.172000 6.316000 6.488000
988.404643607000025 0.148000 6.903000 7.051000
988.437807293999981 0.157000 4.954000 5.111000
988.470926502999987 0.142000 7.112000 7.254000
988.504137293999975 0.159000 4.613000 4.772000
988.537314658000014 0.153000 4.425000 4.578000
988.570402803999968 0.196000 2.481000 2.677000
988.603575856000020 0.000000 2.202000 2.202000
988.636756429000002 0.151000 2.242000 2.393000
988.670020503000046 0.143000 2.321000 2.464000
988.736266503000024 0.265000 2.747000 3.012000
988.769446075000019 0.139000 5.995000 6.134000
988.802613543999996 0.000000 7.531000 7.531000
988.835886555000002 0.190000 10.564000 10.754000
988.869064606000052 0.199000 10.406000 10.605000
988.935307397999964 0.173000 13.109000 13.282000
988.968475398999999 0.159000 8.981000 9.140000
989.001781399000038 0.187000 8.889000 9.076000
989.068103606000022 0.314000 6.987000 7.301000
989.101168399000017 0.138000 2.850000 2.988000
989.134331778000046 0.000000 1.888000 1.888000
989.167515038000033 0.137000 3.721000 3.858000
989.200587830000018 0.138000 6.479000 6.617000
989.266935403000048 0.314000 11.582000 11.896000
989.300111496999989 0.155000 5.506000 5.661000
989.333180618000029 0.160000 6.042000 6.202000
989.366355409999983 0.264000 8.616000 8.880000
989.399528252999971 0.144000 6.962000 7.106000
989.432740512999999 0.141000 5.924000 6.065000
989.465872461000004 0.151000 7.365000 7.516000
989.499018977999981 0.167000 4.377000 4.544000
989.532235082000057 0.143000 6.242000 6.385000
989.565325978000033 0.148000 11.374000 11.522000
989.598540082000000 0.219000 5.125000 5.344000
989.631674977999978 0.172000 4.694000 4.866000
989.664845978000017 0.137000 5.133000 5.270000
989.698090238999953 0.144000 2.733000 2.877000
989.731321030000004 0.132000 3.629000 3.761000
989.764451925999992 0.149000 6.490000 6.639000
989.797576081999978 0.143000 6.536000 6.679000
989.830708082999990 0.145000 7.274000 7.419000
989.863962030000039 0.000000 5.016000 5.016000
989.897101030000044 0.159000 5.865000 6.024000
989.930232394999962 0.145000 4.460000 4.605000
989.996575133999954 0.298000 4.537000 4.835000
990.029791978000048 0.128000 21.265000 21.393000
990.062922082999989 0.204000 16.645000 16.849000
990.096100925999963 0.189000 24.595000 24.784000
990.129360343000030 0.166000 44.670000 44.836000
990.162481187000026 0.148000 28.223000 28.371000
990.195613977999983 0.202000 35.611000 35.813000
990.228788134999945 0.179000 24.758000 24.937000
990.261959187000002 0.185000 29.121000 29.306000
990.295133029999988 0.221000 20.212000 20.433000
990.328303978000008 0.180000 23.614000 23.794000
990.361558926000043 0.218000 13.762000 13.980000
990.394691447000014 0.203000 16.748000 16.951000
990.427864135000050 0.219000 14.925000 15.144000
990.461036926000020 0.174000 29.184000 29.358000
990.494169977999945 0.195000 18.012000 18.207000
990.527460221999945 0.212000 12.047000 12.259000
990.560586378000039 0.204000 15.801000 16.005000
990.593757222000022 0.184000 12.000000 12.184000
990.626972221999949 0.160000 9.968000 10.128000
990.660129378999954 0.149000 12.934000 13.083000
990.693336219000003 0.202000 22.086000 22.288000
990.726507635999951 0.214000 12.514000 12.728000
990.759678270999984 0.153000 16.891000 17.044000
990.792852218999997 0.183000 6.755000 6.938000
990.826056572999960 0.139000 17.146000 17.285000
990.859197479000045 0.175000 4.382000 4.557000
990.892370271000004 0.151000 15.402000 15.553000
990.925672167000016 0.000000 7.206000 7.206000
990.958717270999955 0.199000 4.650000 4.849000
990.991929530999982 0.156000 13.154000 13.310000
991.058236322999960 0.403000 6.682000 7.085000
991.091419219000045 0.176000 4.951000 5.127000
991.124581218999992 0.142000 4.957000 5.099000
991.157838322999964 0.156000 6.647000 6.803000
991.190959218999978 0.144000 3.192000 3.336000
991.224102375000029 0.134000 3.173000 3.307000
991.257318219000013 0.130000 4.349000 4.479000
991.290488322999977 0.137000 2.903000 3.040000
991.323721532000036 0.136000 18.542000 18.678000
991.356892375000029 0.164000 3.401000 3.565000
991.390028375000043 0.128000 3.356000 3.484000
991.423187052000003 0.131000 3.446000 3.577000
991.456312271000002 0.128000 4.108000 4.236000
991.489532324000038 0.129000 4.105000 4.234000
991.522659322999971 0.133000 2.985000 3.118000
991.555914218999987 0.140000 3.078000 3.218000
991.589079167000023 0.126000 3.004000 3.130000
991.622179271000050 0.132000 2.952000 3.084000
991.655359532000034 0.126000 3.022000 3.148000
991.688523218999990 0.125000 3.765000 3.890000
991.721696219000023 0.124000 2.734000 2.858000
991.754869219000057 0.136000 3.643000 3.779000
991.788082323000026 0.141000 2.520000 2.661000
991.821255219000022 0.134000 2.555000 2.689000
991.854387374999988 0.125000 2.584000 2.709000
991.887560218999965 0.138000 9.819000 9.957000
991.920839834000049 0.175000 3.002000 3.177000
991.953988219000053 0.152000 3.221000 3.373000
991.987169480000034 0.144000 4.826000 4.970000
992.020263218999958 0.141000 3.154000 3.295000
992.053427219000014 0.125000 3.954000 4.079000
992.086600427999997 0.139000 3.853000 3.992000
992.119812271000001 0.143000 2.797000 2.940000
992.152945324000029 0.143000 2.911000 3.054000
992.186117479000018 0.133000 2.911000 3.044000
992.219291218999956 0.135000 2.656000 2.791000
992.252463218999992 0.130000 2.611000 2.741000
992.285678375999964 0.141000 2.694000 2.835000
992.318850167000051 0.134000 2.555000 2.689000
992.352056219000019 0.138000 2.638000 2.776000
992.385228322999978 0.132000 2.600000 2.732000
992.418331272000046 0.128000 3.415000 3.543000
992.451585270999999 0.131000 2.500000 2.631000
992.484675427999946 0.134000 2.658000 2.792000
992.517887270999950 0.131000 2.478000 2.609000
992.551066270999968 0.128000 9.941000 10.069000
992.584233688000040 0.182000 3.192000 3.374000
992.617407322999952 0.133000 3.231000 3.364000
992.650541270999952 0.126000 3.073000 3.199000
992.683753218999982 0.131000 3.043000 3.174000
992.716936271000009 0.171000 3.794000 3.965000
992.750058219000039 0.134000 3.672000 3.806000
992.783231218999958 0.150000 3.715000 3.865000
992.816405271000008 0.168000 3.582000 3.750000
992.849577271000044 0.167000 2.614000 2.781000
992.882792375999998 0.147000 3.080000 3.227000
992.915964375000044 0.149000 3.448000 3.597000
992.949149376000037 0.177000 3.438000 3.615000
992.982269270999950 0.155000 2.595000 2.750000
993.015485323000007 0.158000 3.375000 3.533000
993.048657219000006 0.139000 3.961000 4.100000
993.081830219000040 0.143000 12.903000 13.046000
993.115004218999957 0.154000 2.921000 3.075000
993.148134271000004 0.148000 3.671000 3.819000
993.181406323000033 0.195000 2.840000 3.035000
993.214481270999954 0.185000 2.903000 3.088000
993.247653428000035 0.127000 4.170000 4.297000
993.280827374999944 0.137000 11.130000 11.267000
993.314001271000052 0.145000 2.814000 2.959000
993.347175479000043 0.144000 2.991000 3.135000
993.380345375000047 0.125000 2.928000 3.053000
993.413518374999967 0.154000 3.539000 3.693000
993.446823218999953 0.137000 3.641000 3.778000
993.479911218999973 0.142000 3.617000 3.759000
993.513038427999959 0.160000 4.515000 4.675000
993.546213219000037 0.165000 10.525000 10.690000
993.579384270999981 0.206000 3.778000 3.984000
993.612557376000041 0.175000 3.659000 3.834000
993.645730374999971 0.138000 2.807000 2.945000
993.678902322999988 0.129000 3.418000 3.547000
993.712076271000001 0.135000 4.066000 4.201000
993.745248479999987 0.153000 10.757000 10.910000
993.778422270999954 0.170000 3.039000 3.209000
993.811594270999990 0.172000 3.233000 3.405000
993.844767271000023 0.135000 3.488000 3.623000
993.877941479000015 0.147000 3.095000 3.242000
993.911243376000016 0.202000 2.569000 2.771000
993.944286271000010 0.206000 4.309000 4.515000
993.977536582999960 0.152000 3.437000 3.589000
