# timestamp(s) tracking(ms) estimation(ms) total(ms)
1790.176603069000066 2.198000 3.078000 5.276000
1790.209822954999936 0.171000 6.391000 6.562000
1790.242948964000107 0.168000 2.917000 3.085000
1790.276162016999933 0.143000 2.777000 2.920000
1790.309295068999973 0.130000 2.640000 2.770000
1790.342474120999896 0.145000 2.584000 2.729000
1790.375641069000039 0.133000 2.580000 2.713000
1790.408814173000110 0.146000 2.570000 2.716000
1790.441987069000106 0.145000 2.587000 2.732000
1790.475279068999953 0.140000 2.687000 2.827000
1790.508333121000078 0.136000 2.642000 2.778000
1790.541506068999979 0.156000 2.815000 2.971000
1790.574678330000097 0.140000 2.592000 2.732000
1790.607971069000087 0.127000 2.569000 2.696000
1790.641025330000048 0.136000 2.551000 2.687000
1790.674271016999910 0.132000 2.653000 2.785000
1790.707371172999956 0.129000 2.679000 2.808000
1790.740625434000094 0.126000 2.641000 2.767000
1790.773792068999910 0.128000 2.544000 2.672000
1790.806892017000109 0.139000 2.520000 2.659000
1790.840065069000048 0.129000 2.572000 2.701000
1790.873239017000060 0.132000 2.541000 2.673000
1790.906412849999924 0.135000 2.559000 2.694000
1790.939727330000096 0.113000 2.477000 2.590000
1790.972775382000009 0.126000 2.481000 2.607000
1791.005983684000057 0.125000 2.479000 2.604000
1791.039104433999910 0.126000 2.483000 2.609000
1791.072356225000021 0.122000 2.526000 2.648000
1791.105564590000085 0.145000 2.499000 2.644000
1791.138701070000025 0.126000 2.701000 2.827000
1791.171924328999921 0.137000 2.598000 2.735000
1791.205051486000002 0.140000 2.559000 2.699000
1791.238239642000053 0.136000 2.550000 2.686000
1791.271313328999895 0.125000 2.510000 2.635000
1791.304575641999918 0.119000 2.424000 2.543000
1791.337659329999951 0.122000 2.478000 2.600000
1791.370902380999951 0.124000 2.569000 2.693000
1791.404005433000066 0.126000 2.514000 2.640000
1791.437178381999956 0.135000 2.411000 2.546000
1791.470351329000096 0.122000 2.540000 2.662000
1791.503603016999932 0.120000 2.502000 2.622000
1791.536740328999940 0.130000 2.506000 2.636000
1791.569956069000000 0.119000 2.562000 2.681000
1791.603042172999949 0.159000 2.502000 2.661000
1791.636283069000001 0.130000 2.495000 2.625000
1791.669518474999904 0.124000 2.533000 2.657000
1791.702560121000033 0.123000 2.398000 2.521000
1791.735781069000041 0.145000 2.297000 2.442000
1791.768918121000070 0.127000 2.351000 2.478000
1791.802080070000102 0.000000 2.300000 2.300000
1791.835294068999929 0.173000 2.598000 2.771000
1791.868466226000010 0.134000 2.423000 2.557000
1791.934772173000056 0.130000 2.588000 2.718000
1791.968036226000095 0.120000 2.422000 2.542000
1792.034292069000003 0.121000 2.478000 2.599000
1792.067541225000014 0.119000 2.353000 2.472000
1792.133837069000037 0.263000 2.594000 2.857000
1792.166984225000078 0.122000 2.438000 2.560000
1792.200230276999946 0.114000 2.353000 2.467000
1792.233330173000013 0.124000 2.337000 2.461000
1792.266502225000067 0.128000 2.432000 2.560000
1792.299676484999964 0.129000 2.321000 2.450000
1792.332848797999986 0.117000 2.266000 2.383000
1792.366067255999951 0.118000 2.426000 2.544000
1792.399194330000000 0.117000 2.284000 2.401000
1792.432408277999912 0.116000 2.306000 2.422000
1792.465540226000030 0.117000 2.448000 2.565000
1792.498712120999926 0.116000 2.391000 2.507000
1792.531955380999989 0.127000 2.409000 2.536000
1792.565058016999956 0.118000 2.368000 2.486000
1792.598304120999956 0.116000 2.397000 2.513000
1792.631445017000033 0.122000 2.354000 2.476000
1792.664618122000093 0.118000 2.389000 2.507000
1792.697798255999942 0.128000 2.470000 2.598000
1792.730924121000044 0.140000 2.290000 2.430000
1792.764137016999939 0.126000 2.368000 2.494000
1792.797271380999973 0.120000 2.311000 2.431000
1792.830485017000001 0.121000 2.424000 2.545000
1792.863660068999934 0.118000 2.466000 2.584000
1792.896789172999888 0.122000 2.422000 2.544000
1792.930037120999941 0.118000 2.464000 2.582000
1792.963136016999897 0.139000 2.439000 2.578000
1792.996378069000002 0.120000 2.434000 2.554000
1793.029482069000096 0.124000 2.455000 2.579000
1793.062653017000002 0.121000 2.388000 2.509000
1793.095826017000036 0.127000 2.549000 2.676000
1793.129000069000085 0.121000 2.292000 2.413000
1793.162174173000039 0.117000 2.412000 2.529000
1793.195404798000027 0.124000 2.457000 2.581000
1793.228590016999988 0.139000 2.357000 2.496000
1793.261693434000108 0.118000 2.481000 2.599000
1793.294866173999935 0.122000 2.389000 2.511000
1793.328078277000031 0.119000 2.451000 2.570000
1793.361241069000016 0.121000 2.334000 2.455000
1793.394384121000030 0.121000 2.430000 2.551000
1793.427604068999926 0.122000 2.443000 2.565000
1793.460731069000076 0.124000 2.428000 2.552000
1793.493903069999988 0.124000 2.351000 2.475000
1793.527076016999899 0.120000 2.467000 2.587000
1793.560316965000084 0.120000 2.451000 2.571000
1793.593522069000073 0.122000 2.395000 2.517000
1793.626666329000045 0.122000 2.491000 2.613000
1793.659771069000044 0.127000 2.453000 2.580000
1793.692958173000079 0.000000 2.336000 2.336000
1793.726216017000070 0.118000 2.517000 2.635000
1793.759289121999927 0.121000 2.515000 2.636000
1793.825776954000048 0.131000 2.738000 2.869000
1793.858882486000084 0.116000 2.328000 2.444000
1793.925195746000099 0.243000 2.728000 2.971000
1793.958366069000022 0.121000 2.325000 2.446000
1793.991497965000008 0.124000 2.420000 2.544000
1794.024672121000094 0.112000 2.320000 2.432000
1794.057844069000112 0.116000 2.340000 2.456000
1794.091086016999952 0.120000 2.337000 2.457000
1794.124236276999909 0.119000 2.463000 2.582000
1794.157408538000027 0.141000 2.526000 2.667000
1794.190576017000012 0.126000 2.349000 2.475000
1794.223793069000067 0.120000 2.471000 2.591000
1794.256882069000085 0.118000 2.372000 2.490000
1794.290124964999904 0.121000 2.356000 2.477000
1794.323229016999903 0.140000 2.404000 2.544000
1794.356399965000037 0.141000 2.467000 2.608000
1794.389682965000020 0.122000 2.379000 2.501000
1794.422748121000041 0.122000 2.664000 2.786000
1794.455920016999926 0.216000 2.474000 2.690000
1794.489094068999975 0.157000 2.475000 2.632000
1794.522265121999908 0.123000 2.537000 2.660000
1794.555479173000094 0.117000 2.354000 2.471000
1794.588612224999906 0.119000 2.457000 2.576000
1794.621842173000005 0.120000 2.404000 2.524000
1794.654958069000031 0.117000 2.350000 2.467000
1794.688171017000059 0.120000 2.450000 2.570000
1794.721304069000098 0.121000 2.300000 2.421000
1794.754520121000041 0.000000 2.385000 2.385000
1794.787651173000086 0.132000 2.545000 2.677000
1794.820823224999913 0.132000 2.468000 2.600000
1794.887169016999906 0.238000 2.586000 2.824000
1794.920430069000076 0.000000 2.352000 2.352000
1794.953515172999914 0.127000 2.413000 2.540000
1794.986762382000052 0.000000 2.396000 2.396000
1795.053080683999951 0.250000 2.719000 2.969000
1795.119388100999913 0.258000 2.782000 3.040000
1795.152555256999904 0.129000 2.530000 2.659000
1795.185738485999991 0.121000 2.508000 2.629000
1795.218979516999980 0.119000 2.385000 2.504000
1795.252182309000091 0.125000 2.589000 2.714000
1795.285245068999984 0.000000 2.467000 2.467000
1795.318418069000018 0.236000 2.491000 2.727000
1795.351631017000045 0.124000 2.651000 2.775000
1795.386578120999957 0.130000 2.450000 2.580000
1795.417995224999913 0.124000 2.449000 2.573000
1795.451151068999934 0.126000 2.500000 2.626000
1795.484283068999957 0.119000 2.456000 2.575000
1795.517456068999991 0.119000 2.897000 3.016000
1795.550749965000023 0.181000 2.498000 2.679000
1795.583916328999976 0.145000 2.542000 2.687000
1795.616975120999996 0.123000 2.494000 2.617000
1795.650235173000056 0.124000 2.522000 2.646000
1795.683360224999888 0.118000 2.477000 2.595000
1795.716535173000011 0.123000 2.549000 2.672000
1795.749708278000071 0.116000 2.551000 2.667000
1795.782840120999936 0.118000 2.492000 2.610000
1795.816013069000064 0.117000 2.535000 2.652000
1795.849185068999986 0.141000 2.535000 2.676000
1795.882400068999914 0.128000 2.600000 2.728000
1795.915608068999973 0.128000 2.591000 2.719000
1795.948704016999955 0.121000 2.597000 2.718000
1795.981958173000066 0.123000 2.532000 2.655000
1796.015051381999911 0.117000 2.595000 2.712000
1796.048306016999959 0.120000 2.533000 2.653000
1796.081397069000104 0.112000 2.509000 2.621000
1796.114609965000000 0.123000 2.637000 2.760000
1796.147783225000012 0.123000 2.589000 2.712000
1796.180915069000093 0.167000 2.609000 2.776000
1796.214088537999942 0.133000 2.578000 2.711000
1796.247262433000060 0.131000 2.986000 3.117000
1796.280511069000113 0.000000 2.583000 2.583000
1796.313608069000111 0.183000 2.814000 2.997000
1796.346853017000058 0.173000 2.768000 2.941000
1796.413126276999947 0.273000 2.940000 3.213000
1796.446370329000047 0.128000 2.737000 2.865000
1796.479474746000051 0.133000 2.515000 2.648000
1796.512724850000041 0.126000 2.571000 2.697000
1796.545820382000102 0.136000 2.742000 2.878000
1796.579032224999992 0.133000 2.738000 2.871000
1796.612166174000095 0.130000 2.944000 3.074000
1796.645340517000022 0.131000 2.950000 3.081000
1796.678551069999912 0.133000 3.104000 3.237000
1796.711726068999951 0.000000 3.289000 3.289000
1796.744858121000107 0.129000 2.832000 2.961000
1796.778030121000029 0.139000 3.838000 3.977000
1796.844376121000096 0.295000 2.710000 3.005000
1796.877677016999996 0.155000 5.106000 5.261000
1796.910723068999914 0.184000 2.799000 2.983000
1796.943900954999890 0.148000 8.777000 8.925000
1796.977069382000082 0.204000 7.757000 7.961000
1797.010242278000078 0.179000 9.962000 10.141000
1797.043453278000015 0.192000 10.545000 10.737000
1797.076627121000001 0.145000 12.947000 13.092000
1797.109806016999983 0.181000 24.962000 25.143000
1797.142933174000063 0.154000 20.011000 20.165000
1797.176146017000065 0.147000 10.615000 10.762000
1797.209278068999993 0.166000 15.632000 15.798000
1797.242496016999894 0.145000 19.766000 19.911000
1797.275629017000028 0.159000 16.199000 16.358000
1797.308798017000072 0.169000 17.955000 18.124000
1797.342088439999998 0.167000 14.486000 14.653000
1797.375223336000090 0.153000 9.681000 9.834000
1797.408434283999895 0.142000 6.891000 7.033000
1797.441567335999935 0.155000 10.450000 10.605000
1797.474746388000085 0.143000 7.953000 8.096000
1797.508031428000095 0.143000 3.279000 3.422000
1797.541164584999933 0.000000 6.539000 6.539000
1797.574338116000035 0.145000 9.859000 10.004000
1797.607609167999954 0.135000 10.393000 10.528000
1797.673903511999924 0.431000 6.554000 6.985000
1797.707108564999999 0.151000 5.341000 5.492000
1797.740320616999952 0.155000 5.516000 5.671000
1797.773453357000108 0.142000 2.712000 2.854000
1797.806626305000009 0.139000 2.727000 2.866000
1797.839870513000051 0.135000 2.759000 2.894000
1797.873058808999986 0.136000 2.938000 3.074000
1797.906329172999904 0.135000 6.044000 6.179000
1797.939404757999910 0.148000 4.310000 4.458000
1797.972624809000081 0.138000 6.046000 6.184000
1798.005878704999986 0.132000 2.998000 3.130000
1798.039046150000104 0.135000 2.904000 3.039000
1798.072303202000057 0.138000 2.660000 2.798000
1798.105348025000012 0.137000 2.681000 2.818000
1798.138518514999987 0.138000 6.262000 6.400000
1798.171693909999931 0.133000 4.068000 4.201000
1798.204864461999932 0.132000 4.053000 4.185000
1798.238115191999896 0.137000 4.106000 4.243000
1798.271297086999994 0.156000 3.620000 3.776000
1798.304461253999989 0.153000 2.991000 3.144000
1798.337557410000045 0.141000 2.866000 3.007000
1798.370730357999946 0.132000 3.012000 3.144000
1798.403905463000001 0.130000 2.553000 2.683000
1798.437093566999920 0.133000 2.119000 2.252000
1798.470248775000073 0.139000 2.158000 2.297000
1798.503421617999948 0.135000 2.078000 2.213000
1798.536597410000013 0.133000 1.996000 2.129000
1798.569768410000052 0.130000 6.142000 6.272000
1798.602945462999969 0.136000 6.266000 6.402000
1798.636118462000013 0.132000 3.011000 3.143000
1798.669291409999914 0.129000 2.404000 2.533000
1798.702460983000037 0.134000 2.454000 2.588000
1798.735634618999939 0.135000 2.435000 2.570000
1798.768889244000093 0.133000 2.385000 2.518000
1798.801981389000048 0.138000 2.743000 2.881000
1798.835193441999991 0.149000 2.428000 2.577000
1798.868363566999960 0.149000 2.796000 2.945000
1798.901539024999920 0.145000 5.408000 5.553000
1798.934721441999955 0.160000 4.942000 5.102000
1798.967845650000072 0.139000 2.718000 2.857000
1799.001021254000079 0.148000 2.712000 2.860000
1799.034232566999890 0.143000 2.536000 2.679000
1799.067402202000039 0.137000 2.407000 2.544000
1799.100611201999982 0.134000 2.479000 2.613000
1799.133707305999906 0.132000 2.370000 2.502000
1799.166960201999927 0.140000 2.220000 2.360000
1799.200093358999993 0.133000 2.377000 2.510000
1799.233266774999947 0.131000 2.248000 2.379000
1799.266483722999965 0.133000 2.206000 2.339000
1799.299575035000089 0.131000 2.293000 2.424000
1799.332832201999963 0.135000 2.185000 2.320000
1799.366026306000094 0.136000 2.081000 2.217000
1799.399132305999956 0.132000 2.181000 2.313000
1799.432265098000016 0.125000 2.243000 2.368000
1799.465523411000049 0.130000 2.179000 2.309000
1799.498612202000004 0.134000 5.236000 5.370000
1799.531786598000053 0.138000 3.843000 3.981000
1799.564998619000107 0.134000 2.898000 3.032000
1799.598132515000088 0.129000 2.569000 2.698000
1799.631303462999995 0.140000 2.548000 2.688000
1799.664520201999949 0.148000 3.037000 3.185000
1799.697649410999929 0.126000 2.915000 3.041000
1799.730866307000042 0.139000 2.862000 3.001000
1799.764069306000010 0.138000 5.839000 5.977000
1799.797168150000061 0.140000 5.265000 5.405000
1799.830340201999888 0.135000 3.104000 3.239000
1799.863514253999938 0.127000 2.799000 2.926000
1799.896686254000088 0.138000 2.665000 2.803000
1799.929860254000005 0.140000 2.503000 2.643000
1799.963099254000099 0.134000 2.445000 2.579000
1799.996282254000107 0.126000 6.066000 6.192000
1800.029379515000073 0.131000 3.211000 3.342000
1800.062552399999959 0.157000 3.834000 3.991000
1800.095771305999961 0.142000 3.348000 3.490000
1800.128944201999957 0.146000 2.341000 2.487000
1800.162073149999969 0.135000 5.451000 5.586000
1800.195315149999942 0.000000 3.049000 3.049000
1800.228465202000052 0.134000 2.860000 2.994000
1800.261591409999937 0.133000 2.706000 2.839000
1800.327981253999951 0.266000 3.279000 3.545000
1800.361109149999947 0.147000 4.847000 4.994000
1800.394360305999953 0.155000 2.742000 2.897000
1800.427457139999888 0.145000 2.635000 2.780000
1800.460628357999894 0.141000 2.282000 2.423000
1800.493849462000071 0.146000 4.627000 4.773000
1800.526975149999998 0.134000 2.877000 3.011000
1800.560202179000044 0.134000 2.955000 3.089000
1800.593372178999971 0.131000 3.164000 3.295000
1800.626621179000040 0.136000 2.219000 2.355000
1800.659761490999927 0.140000 2.334000 2.474000
1800.692893386999913 0.138000 2.352000 2.490000
1800.726181625999970 0.134000 4.593000 4.727000
1800.759312626000110 0.138000 5.818000 5.956000
1800.792524625999931 0.000000 3.763000 3.763000
1800.825702626000066 0.139000 5.743000 5.882000
1800.858924626000089 0.000000 5.375000 5.375000
1800.925216782000007 0.315000 4.216000 4.531000
1800.991525887000080 0.000000 5.279000 5.279000
1801.024736730000086 0.132000 6.311000 6.443000
1801.124220989999912 0.424000 3.900000 4.324000
1801.190560094999910 0.279000 4.992000 5.271000
1801.223778147000075 0.147000 4.387000 4.534000
1801.256951887000014 0.146000 2.378000 2.524000
1801.290079783000010 0.134000 2.193000 2.327000
1801.323251781999943 0.144000 2.136000 2.280000
1801.356470678000051 0.147000 2.000000 2.147000
1801.389625044000013 0.137000 6.251000 6.388000
1801.422788095999977 0.154000 2.972000 3.126000
1801.455927096000096 0.138000 2.868000 3.006000
1801.489101045000098 0.000000 2.492000 2.492000
1801.522231772999930 0.145000 2.244000 2.389000
1801.555405044000054 0.000000 2.241000 2.241000
1801.621750148000046 0.280000 5.747000 6.027000
1801.688096992000055 0.138000 11.714000 11.852000
1801.721309044000009 0.138000 3.085000 3.223000
1801.787616044000060 0.137000 7.627000 7.764000
1801.820830147999914 0.137000 6.635000 6.772000
1801.854051044000016 0.000000 5.242000 5.242000
1801.920380095999917 0.288000 4.928000 5.216000
1801.986654992000012 0.000000 5.946000 5.946000
1802.019827200000009 0.131000 5.459000 5.590000
1802.119344991999924 0.266000 8.903000 9.169000
1802.152559200000042 0.134000 7.402000 7.536000
1802.218865148000077 0.265000 6.112000 6.377000
1802.252078253000036 0.145000 7.143000 7.288000
1802.285211200000049 0.136000 5.719000 5.855000
1802.318425096000055 0.139000 3.568000 3.707000
1802.351557148999973 0.137000 2.588000 2.725000
1802.384769303999974 0.132000 2.166000 2.298000
1802.417943303999891 0.130000 2.181000 2.311000
1802.451129044000027 0.121000 4.830000 4.951000
1802.484288148999894 0.126000 3.202000 3.328000
1802.517461147999938 0.131000 4.398000 4.529000
1802.550635096999940 0.137000 5.424000 5.561000
1802.583807097000090 0.157000 2.464000 2.621000
1802.616941043999987 0.144000 2.114000 2.258000
1802.650114303999999 0.144000 4.767000 4.911000
1802.683287981999911 0.137000 3.133000 3.270000
1802.716462044000082 0.201000 2.382000 2.583000
1802.749633992000099 0.172000 2.143000 2.315000
1802.782884097000078 0.136000 2.198000 2.334000
1802.816027044000066 0.134000 4.741000 4.875000
1802.849255304000053 0.000000 2.460000 2.460000
1802.882440137999993 0.147000 2.517000 2.664000
1802.915522981000095 0.130000 2.585000 2.715000
1802.981900991999964 0.286000 2.553000 2.839000
1803.015105096000070 0.157000 2.098000 2.255000
1803.048193044000072 0.146000 5.016000 5.162000
1803.081365043999995 0.000000 3.419000 3.419000
1803.114540148000060 0.149000 3.751000 3.900000
1803.147827043999996 0.162000 2.954000 3.116000
1803.214186043999916 0.294000 3.464000 3.758000
1803.247240876999967 0.139000 5.883000 6.022000
1803.280412230999900 0.138000 7.404000 7.542000
1803.313579356999981 0.132000 14.121000 14.253000
1803.346843513000067 0.216000 8.814000 9.030000
1803.380021461000069 0.165000 8.378000 8.543000
1803.413094563999948 0.000000 2.851000 2.851000
1803.446391668999922 0.141000 4.964000 5.105000
1803.479573409000068 0.000000 4.513000 4.513000
1803.545891303999952 0.155000 5.824000 5.979000
1803.645324922000100 0.291000 11.712000 12.003000
1803.711605307999889 0.266000 5.537000 5.803000
1803.744775048000065 0.133000 2.516000 2.649000
1803.777957995999941 0.133000 4.133000 4.266000
1803.811111204000099 0.137000 3.245000 3.382000
1803.844379339999932 0.128000 3.065000 3.193000
1803.877456255999959 0.134000 2.783000 2.917000
1803.910710975000029 0.132000 2.574000 2.706000
1803.943801288000031 0.134000 4.093000 4.227000
1803.976974308000081 0.144000 3.185000 3.329000
1804.010145683000019 0.137000 3.288000 3.425000
1804.043320183000105 0.136000 5.231000 5.367000
1804.076563840000063 0.127000 3.665000 3.792000
1804.109686683000064 0.157000 3.549000 3.706000
1804.142836734999946 0.146000 3.118000 3.264000
1804.176084734999904 0.168000 3.611000 3.779000
1804.209182786999918 0.214000 2.811000 3.025000
1804.242356735999920 0.184000 4.085000 4.269000
1804.275530735000075 0.146000 3.534000 3.680000
1804.308700735000002 0.171000 4.536000 4.707000
1804.341876766000041 0.149000 4.278000 4.427000
1804.375054869999985 0.149000 3.151000 3.300000
1804.408221099999992 0.136000 2.749000 2.885000
1804.441432943000109 0.131000 2.717000 2.848000
1804.474650736000058 0.125000 2.731000 2.856000
1804.507826734999981 0.123000 2.596000 2.719000
1804.541038630999992 0.126000 2.568000 2.694000
1804.574085734999926 0.121000 2.940000 3.061000
1804.607258734999959 0.130000 2.567000 2.697000
1804.640479735000099 0.123000 2.724000 2.847000
1804.673607788000027 0.114000 2.616000 2.730000
1804.706849788000000 0.124000 2.070000 2.194000
1804.740036735000103 0.120000 3.544000 3.664000
1804.773123787000031 0.134000 3.291000 3.425000
1804.806296683000028 0.131000 4.837000 4.968000
1804.839469839000003 0.129000 4.256000 4.385000
1804.872683683000105 0.119000 3.694000 3.813000
1804.905816839999943 0.124000 2.863000 2.987000
1804.938988735000066 0.139000 2.870000 3.009000
1804.972162840000010 0.123000 2.855000 2.978000
1805.005333682999890 0.126000 2.420000 2.546000
1805.038547840000092 0.124000 3.335000 3.459000
1805.071723683000073 0.123000 2.755000 2.878000
1805.104932734999920 0.119000 2.665000 2.784000
1805.138027734999923 0.136000 2.487000 2.623000
1805.171199735000073 0.155000 2.703000 2.858000
1805.204451735000021 0.136000 2.563000 2.699000
1805.237545734999912 0.134000 2.521000 2.655000
1805.270717682999930 0.123000 2.470000 2.593000
1805.303936890999921 0.124000 2.487000 2.611000
1805.337063734999901 0.123000 2.371000 2.494000
1805.370237839000083 0.124000 2.460000 2.584000
1805.403410735000080 0.120000 2.359000 2.479000
1805.436653787000068 0.119000 2.294000 2.413000
1805.469800256000099 0.114000 2.355000 2.469000
1805.502929943000026 0.120000 2.260000 2.380000
1805.536174735000031 0.119000 2.175000 2.294000
1805.569274942999982 0.138000 2.300000 2.438000
1805.602451339000027 0.131000 2.312000 2.443000
1805.635624339000060 0.126000 2.249000 2.375000
1805.668889995999962 0.120000 2.220000 2.340000
1805.702009995000026 0.123000 2.217000 2.340000
1805.735140839999985 0.118000 2.268000 2.386000
1805.768353943999955 0.121000 2.185000 2.306000
1805.801487204000068 0.120000 2.214000 2.334000
1805.834737235999910 0.118000 2.233000 2.351000
1805.867839224999898 0.118000 2.135000 2.253000
1805.901054016999979 0.121000 2.210000 2.331000
1805.934179516000086 0.123000 2.241000 2.364000
1805.967351995999934 0.122000 2.189000 2.311000
1806.000599734999923 0.121000 2.180000 2.301000
1806.033697735000032 0.000000 2.193000 2.193000
1806.066948787000001 0.117000 2.165000 2.282000
1806.100083734999998 0.119000 2.171000 2.290000
1806.166466840000112 0.120000 2.378000 2.498000
1806.199565152000105 0.157000 2.192000 2.349000
1806.232809735000046 0.127000 2.111000 2.238000
1806.299081735000073 0.233000 2.344000 2.577000
1806.332255734999990 0.119000 2.104000 2.223000
1806.365428735000023 0.120000 2.056000 2.176000
1806.398641683000051 0.118000 2.154000 2.272000
1806.431901788000005 0.123000 2.193000 2.316000
1806.465016735000063 0.119000 2.133000 2.252000
1806.498201787999960 0.119000 2.165000 2.284000
1806.531296735000069 0.117000 2.148000 2.265000
1806.564509683000097 0.115000 2.152000 2.267000
1806.597663734999969 0.144000 2.207000 2.351000
1806.630812786999968 0.126000 2.208000 2.334000
1806.664091682999924 0.119000 2.107000 2.226000
1806.697157735000019 0.117000 2.130000 2.247000
1806.730465735000053 0.127000 2.184000 2.311000
1806.763503735000086 0.121000 2.106000 2.227000
1806.796720735000008 0.123000 2.192000 2.315000
1806.829923891999897 0.125000 2.148000 2.273000
1806.863120788000060 0.116000 2.138000 2.254000
1806.896195786999897 0.124000 2.220000 2.344000
1806.929369734999909 0.000000 2.044000 2.044000
1806.962616995999952 0.122000 2.096000 2.218000
1806.995754786999896 0.119000 2.096000 2.215000
1807.062103734999937 0.241000 2.337000 2.578000
1807.095233787000097 0.000000 2.059000 2.059000
1807.128434787000060 0.121000 2.228000 2.349000
1807.161651735000078 0.124000 2.251000 2.375000
1807.227929400999983 0.256000 2.631000 2.887000
1807.261099048000005 0.122000 2.449000 2.571000
1807.294272517000081 0.124000 2.243000 2.367000
1807.327443735000088 0.124000 2.184000 2.308000
1807.360659682999994 0.122000 2.371000 2.493000
1807.393830683000033 0.124000 2.337000 2.461000
1807.426963891000014 0.121000 2.270000 2.391000
1807.460177682999984 0.126000 2.242000 2.368000
1807.493308682999896 0.149000 2.246000 2.395000
1807.526522682999939 0.133000 2.305000 2.438000
1807.559698683000079 0.135000 2.349000 2.484000
1807.592868734999911 0.127000 2.378000 2.505000
1807.626041683000039 0.136000 2.271000 2.407000
1807.659174682999947 0.144000 2.240000 2.384000
1807.692387735000011 0.124000 2.381000 2.505000
1807.725555788000065 0.122000 2.268000 2.390000
1807.758734838999999 0.119000 2.358000 2.477000
1807.791868788000102 0.124000 2.302000 2.426000
1807.825062515999889 0.115000 2.211000 2.326000
1807.858257567999999 0.119000 2.234000 2.353000
1807.891430308000054 0.120000 2.284000 2.404000
1807.924559994999981 0.115000 2.333000 2.448000
1807.957733255999983 0.121000 2.470000 2.591000
1807.990903682999942 0.108000 2.296000 2.404000
1808.024078735000103 0.131000 2.277000 2.408000
1808.057250735000025 0.118000 2.604000 2.722000
1808.090422734999947 0.131000 2.630000 2.761000
1808.123597734999976 0.122000 2.889000 3.011000
1808.156858735000014 0.124000 2.491000 2.615000
1808.189988786999947 0.124000 2.474000 2.598000
1808.223116412000081 0.136000 2.476000 2.612000
1808.256289995000088 0.126000 2.264000 2.390000
1808.289461995000011 0.125000 2.556000 2.681000
1808.322633734999954 0.120000 5.335000 5.455000
1808.355807735000099 0.132000 3.783000 3.915000
1808.388980734999905 0.117000 5.991000 6.108000
1808.422156682999912 0.134000 6.472000 6.606000
1808.455433682999910 0.128000 3.546000 3.674000
1808.488501256000063 0.138000 4.200000 4.338000
1808.521675360000017 0.126000 4.007000 4.133000
1808.554850411999951 0.130000 3.136000 3.266000
1808.588139297999987 0.125000 3.009000 3.134000
1808.621323099999927 0.122000 2.969000 3.091000
1808.654490640999938 0.125000 2.945000 3.070000
1808.687543817999995 0.125000 2.834000 2.959000
1808.720792714000027 0.126000 2.856000 2.982000
1808.753886734999924 0.121000 3.064000 3.185000
1808.787085787000024 0.126000 2.828000 2.954000
1808.820281787000113 0.134000 2.941000 3.075000
1808.853500787000030 0.130000 2.719000 2.849000
1808.886577734999946 0.127000 2.818000 2.945000
1808.919830735000005 0.127000 2.978000 3.105000
1808.953014734999897 0.131000 2.942000 3.073000
1808.986097630999893 0.177000 3.395000 3.572000
1809.019370838999976 0.134000 2.851000 2.985000
1809.052542892000019 0.125000 2.804000 2.929000
1809.085615100000041 0.295000 2.976000 3.271000
1809.118826048000074 0.190000 3.066000 3.256000
1809.151958788000002 0.171000 3.070000 3.241000
1809.185203630999922 0.141000 2.981000 3.122000
1809.218399786999953 0.171000 2.856000 3.027000
1809.251478682999959 0.151000 2.828000 2.979000
1809.284692683000003 0.133000 2.817000 2.950000
1809.317869734999931 0.126000 2.832000 2.958000
1809.351070838999931 0.147000 2.891000 3.038000
1809.384249683000007 0.125000 2.872000 2.997000
1809.417344734999915 0.126000 3.034000 3.160000
1809.450646839000001 0.129000 3.035000 3.164000
1809.483730787000013 0.135000 2.853000 2.988000
1809.516862787000036 0.138000 2.672000 2.810000
1809.550075682999932 0.129000 2.923000 3.052000
1809.583208734999971 0.123000 3.217000 3.340000
1809.616429171999926 0.128000 5.238000 5.366000
1809.649577442999998 0.124000 5.347000 5.471000
1809.682769787000097 0.128000 3.445000 3.573000
1809.715947682999968 0.122000 2.852000 2.974000
1809.749072682999895 0.132000 5.164000 5.296000
1809.782322683000075 0.138000 3.949000 4.087000
1809.815419787000110 0.136000 5.208000 5.344000
1809.848594735000006 0.124000 6.831000 6.955000
1809.881896682999923 0.161000 8.054000 8.215000
1809.914979735000088 0.123000 6.791000 6.914000
1809.948151735000010 0.129000 6.770000 6.899000
1809.981286734999912 0.132000 5.694000 5.826000
1810.014527683000097 0.128000 2.747000 2.875000
1810.047634683000069 0.125000 2.520000 2.645000
1810.080843734999917 0.128000 4.457000 4.585000
1810.113977683000030 0.121000 5.054000 5.175000
1810.147149682999952 0.119000 5.795000 5.914000
1810.180392683000036 0.127000 6.863000 6.990000
1810.213494682999908 0.123000 9.521000 9.644000
1810.246741734999887 0.139000 9.269000 9.408000
1810.279970735000006 0.127000 8.834000 8.961000
1810.313015683000003 0.124000 7.014000 7.138000
1810.346227734999957 0.125000 5.615000 5.740000
1810.379360839999890 0.135000 7.146000 7.281000
1810.412611734999928 0.131000 7.184000 7.315000
1810.445708734999926 0.125000 4.963000 5.088000
1810.478966838999895 0.140000 6.068000 6.208000
1810.512053787000013 0.122000 5.061000 5.183000
1810.545229307999989 0.119000 2.474000 2.593000
1810.578399202999890 0.114000 2.652000 2.766000
1810.611572725000087 0.117000 5.113000 5.230000
1810.644745839000052 0.119000 6.917000 7.036000
1810.677918735000048 0.130000 7.896000 8.026000
1810.711092683000061 0.125000 6.461000 6.586000
1810.744264943999951 0.124000 8.507000 8.631000
1810.777438881000080 0.118000 7.092000 7.210000
1810.810610621000023 0.122000 7.547000 7.669000
1810.843916724000110 0.129000 7.135000 7.264000
1810.877027349999935 0.125000 5.662000 5.787000
1810.910174786999960 0.125000 4.351000 4.476000
1810.943402244000026 0.127000 6.129000 6.256000
1810.976575451999906 0.000000 6.597000 6.597000
1811.009749139999940 0.176000 11.349000 11.525000
1811.042995139999903 0.165000 11.244000 11.409000
1811.109311191999950 0.308000 10.300000 10.608000
1811.142539295999995 0.126000 5.994000 6.120000
1811.175655296000059 0.132000 7.184000 7.316000
1811.208830233000072 0.125000 6.383000 6.508000
1811.241959609000105 0.000000 4.385000 4.385000
1811.275133452000091 0.124000 8.550000 8.674000
1811.308383399999911 0.128000 9.919000 10.047000
1811.374723451999898 0.260000 11.288000 11.548000
1811.407824140000002 0.132000 5.850000 5.982000
1811.441042191999941 0.120000 4.546000 4.666000
1811.474258244000112 0.122000 10.351000 10.473000
1811.507343243999912 0.180000 6.486000 6.666000
1811.540525295999942 0.165000 7.647000 7.812000
1811.573763555999903 0.131000 3.223000 3.354000
1811.606863401000055 0.130000 2.090000 2.220000
1811.640035191999914 0.121000 2.333000 2.454000
1811.673214170999927 0.127000 4.898000 5.025000
1811.706469900000002 0.123000 4.837000 4.960000
1811.739568556999984 0.126000 4.379000 4.505000
1811.772853451999936 0.121000 1.911000 2.032000
1811.805906243999971 0.119000 1.977000 2.096000
1811.839075555999898 0.000000 4.422000 4.422000
1811.872286503999931 0.121000 7.178000 7.299000
1811.905419609000091 0.115000 6.348000 6.463000
1811.971766244000037 0.251000 8.338000 8.589000
1812.005012192000095 0.123000 7.503000 7.626000
1812.038153243999886 0.121000 7.872000 7.993000
1812.071284244000026 0.123000 4.027000 4.150000
1812.104458192000038 0.121000 2.773000 2.894000
1812.137631349000003 0.122000 4.886000 5.008000
1812.170886191999898 0.124000 12.150000 12.274000
1812.204037139000093 0.190000 8.116000 8.306000
1812.237164295999946 0.158000 7.136000 7.294000
1812.270322139999962 0.126000 5.879000 6.005000
1812.303494243999921 0.131000 6.820000 6.951000
1812.336714504999918 0.158000 8.154000 8.312000
1812.369882347999919 0.169000 5.576000 5.745000
1812.403054399999974 0.155000 9.222000 9.377000
1812.436267503999943 0.186000 11.627000 11.813000
1812.469440504999966 0.143000 8.882000 9.025000
1812.502623244000006 0.136000 8.959000 9.095000
1812.535708609000039 0.144000 8.715000 8.859000
1812.568949764000081 0.000000 5.782000 5.782000
1812.602193245000080 0.175000 12.166000 12.341000
1812.635226244000023 0.171000 10.024000 10.195000
1812.701574295999990 0.159000 8.784000 8.943000
1812.734744348000049 0.149000 3.601000 3.750000
1812.801128192000078 0.181000 5.501000 5.682000
1812.834302296000033 0.169000 11.402000 11.571000
1812.900649191999946 0.327000 11.134000 11.461000
1812.933781401000033 0.000000 9.827000 9.827000
1812.966955191999887 0.160000 9.111000 9.271000
1813.000128088000110 0.172000 5.957000 6.129000
1813.066474347999929 0.169000 9.118000 9.287000
1813.099647348999952 0.157000 11.040000 11.197000
1813.165993192000087 0.157000 9.439000 9.596000
1813.199118160999888 0.148000 7.368000 7.516000
1813.265467795999939 0.157000 9.524000 9.681000
1813.298637692000057 0.153000 11.988000 12.141000
1813.331769795999890 0.151000 8.765000 8.916000
1813.398114692000036 0.148000 14.052000 14.200000
1813.431289420999974 0.177000 12.133000 12.310000
1813.497635786000046 0.158000 16.520000 16.678000
1813.530808578000006 0.000000 9.889000 9.889000
1813.597153576999972 0.289000 7.421000 7.710000
1813.663505003999944 0.155000 15.916000 16.071000
1813.696715587999961 0.142000 14.877000 15.019000
1813.763095744000111 0.326000 20.374000 20.700000
1813.796194139999898 0.000000 6.657000 6.657000
1813.829366203000063 0.144000 6.409000 6.553000
1813.862541203000092 0.217000 14.752000 14.969000
1813.928885993999984 0.165000 13.808000 13.973000
1813.962186879999990 0.000000 16.310000 16.310000
1814.028403629999957 0.387000 9.179000 9.566000
1814.094825692000086 0.200000 21.500000 21.700000
1814.127963900999930 0.180000 20.533000 20.713000
1814.194349692000060 0.355000 20.651000 21.006000
1814.227538743999958 0.214000 18.056000 18.270000
1814.260685744000057 0.241000 14.323000 14.564000
1814.293790368999908 0.152000 13.422000 13.574000
1814.326961744000073 0.155000 15.139000 15.294000
1814.360135639999953 0.151000 11.626000 11.777000
1814.393308691999891 0.164000 9.877000 10.041000
1814.426484692000031 0.000000 8.675000 8.675000
1814.459653796000111 0.155000 9.387000 9.542000
1814.492826680999997 0.150000 17.015000 17.165000
1814.559251253999946 0.396000 12.205000 12.601000
1814.592352005000066 0.157000 16.458000 16.615000
1814.625672161000011 0.198000 11.670000 11.868000
1814.658791525999959 0.156000 12.819000 12.975000
1814.691866046000086 0.143000 16.208000 16.351000
1814.725034587999971 0.145000 15.048000 15.193000
1814.758301151000069 0.152000 14.571000 14.723000
1814.791382639999938 0.137000 12.558000 12.695000
1814.824561265000057 0.139000 9.359000 9.498000
1814.857833691999986 0.134000 11.332000 11.466000
1814.890931761000047 0.152000 12.289000 12.441000
1814.924018636000028 0.152000 11.118000 11.270000
1814.957267500999933 0.142000 8.248000 8.390000
1814.990438344000040 0.151000 6.319000 6.470000
1815.023635813000055 0.172000 7.247000 7.419000
1815.056804709000062 0.140000 4.984000 5.124000
1815.089883865000047 0.136000 7.402000 7.538000
1815.123068916999955 0.134000 7.351000 7.485000
1815.156278812999972 0.231000 17.231000 17.462000
1815.189409760999979 0.195000 9.737000 9.932000
1815.222613124999953 0.152000 12.297000 12.449000
1815.255786489999991 0.146000 12.956000 13.102000
1815.288921228999925 0.156000 13.897000 14.053000
1815.322095531000059 0.143000 11.243000 11.386000
1815.355266604000008 0.146000 10.559000 10.705000
1815.388440334000052 0.142000 12.324000 12.466000
1815.421612178000032 0.137000 18.201000 18.338000
1815.454914259999896 0.187000 19.670000 19.857000
1815.488097343999925 0.183000 17.619000 17.802000
1815.521131396000101 0.184000 17.065000 17.249000
1815.554302344000007 0.175000 19.510000 19.685000
1815.587476292000019 0.145000 15.976000 16.121000
1815.620651396000085 0.163000 10.223000 10.386000
1815.653823344000102 0.151000 15.743000 15.894000
1815.687066500999890 0.176000 14.283000 14.459000
1815.720295827999962 0.143000 16.170000 16.313000
1815.753427827999985 0.192000 14.460000 14.652000
1815.786638827999923 0.153000 23.189000 23.342000
1815.819909827999936 0.199000 15.487000 15.686000
1815.853029089000074 0.178000 16.231000 16.409000
1815.886306427999898 0.166000 14.541000 14.707000
1815.919402479999917 0.173000 15.172000 15.345000
1815.952568480000082 0.152000 13.634000 13.786000
1815.985743782000100 0.167000 18.924000 19.091000
1816.019014720000087 0.154000 17.066000 17.220000
1816.052088480000066 0.208000 18.466000 18.674000
1816.085262312999930 0.194000 15.979000 16.173000
1816.118552949000104 0.216000 10.021000 10.237000
1816.151607637000097 0.184000 8.715000 8.899000
1816.184781313000030 0.155000 16.681000 16.836000
1816.217953791999889 0.000000 16.156000 16.156000
1816.251126366000108 0.173000 14.922000 15.095000
1816.284302616000105 0.138000 14.032000 14.170000
1816.350688084000012 0.167000 15.773000 15.940000
1816.383857792000072 0.145000 9.574000 9.719000
1816.450166093999997 0.286000 11.026000 11.312000
1816.483416656999907 0.145000 8.685000 8.830000
1816.516511635999905 0.155000 6.530000 6.685000
1816.549684479999996 0.150000 9.107000 9.257000
1816.582856584999945 0.153000 5.480000 5.633000
1816.616070479999962 0.142000 4.196000 4.338000
1816.649203636000038 0.137000 8.391000 8.528000
1816.682419051999887 0.134000 7.523000 7.657000
1816.715553876000058 0.143000 5.662000 5.805000
1816.748722584999996 0.150000 5.717000 5.867000
1816.781896479999887 0.176000 10.421000 10.597000
1816.815108479999935 0.179000 9.043000 9.222000
1816.848285479999959 0.140000 4.628000 4.768000
1816.881413428000087 0.162000 2.050000 2.212000
1816.914585532000046 0.139000 5.473000 5.612000
1816.947759376000022 0.177000 6.396000 6.573000
1816.981002532000048 0.144000 7.513000 7.657000
1817.014147791999903 0.154000 9.025000 9.179000
1817.047278479999932 0.152000 2.370000 2.522000
1817.080454584000108 0.148000 5.169000 5.317000
1817.113624428000094 0.139000 8.524000 8.663000
1817.146873532999962 0.160000 2.480000 2.640000
1817.179973667000013 0.183000 5.385000 5.568000
1817.213186876000009 0.140000 8.109000 8.249000
1817.246316636000074 0.142000 4.059000 4.201000
1817.279489479999938 0.134000 2.307000 2.441000
1817.312765480000053 0.000000 5.154000 5.154000
1817.345885532000011 0.141000 4.953000 5.094000
1817.379049480000049 0.133000 4.302000 4.435000
1817.445354532000010 0.154000 5.946000 6.100000
1817.478712755000060 0.320000 8.153000 8.473000
1817.511806807000085 0.142000 3.721000 3.863000
1817.546579702999907 0.138000 2.774000 2.912000
1817.578195756000014 0.135000 2.415000 2.550000
1817.611327910999989 0.133000 4.852000 4.985000
1817.644692668000062 0.000000 9.697000 9.697000
1817.677783876999911 0.167000 2.597000 2.764000
1817.711045667999997 0.138000 2.189000 2.327000
1817.777402876999986 0.273000 5.661000 5.934000
1817.810476771999902 0.141000 5.967000 6.108000
1817.843750814000032 0.128000 4.392000 4.520000
1817.876921918000107 0.137000 2.296000 2.433000
1817.910094814000104 0.127000 5.460000 5.587000
1817.943306813999925 0.132000 6.981000 7.113000
1817.976480814000070 0.128000 4.252000 4.380000
1818.009768045000101 0.125000 6.241000 6.366000
1818.042942045000018 0.000000 8.279000 8.279000
1818.076112887999898 0.143000 7.372000 7.515000
1818.109287991999963 0.129000 12.920000 13.049000
1818.175632888000109 0.275000 8.848000 9.123000
1818.208890622999888 0.135000 7.973000 8.108000
1818.242104727999958 0.134000 2.147000 2.281000
1818.275275727000007 0.121000 2.124000 2.245000
1818.308448728000030 0.126000 4.755000 4.881000
1818.341622830999995 0.127000 7.221000 7.348000
1818.374912885999947 0.124000 5.938000 6.062000
1818.408091886999955 0.121000 6.060000 6.181000
1818.441258730000072 0.141000 3.457000 3.598000
1818.474430678000090 0.129000 2.048000 2.177000
1818.507563991000097 0.127000 4.946000 5.073000
1818.540847839999969 0.258000 9.962000 10.220000
1818.574020788000098 0.217000 4.847000 5.064000
1818.607193788999894 0.166000 2.225000 2.391000
1818.640386840000019 0.134000 5.398000 5.532000
1818.673539683999934 0.129000 9.170000 9.299000
1818.706712839999909 0.177000 4.682000 4.859000
1818.739885839999943 0.125000 2.318000 2.443000
1818.773058996999907 0.128000 2.196000 2.324000
1818.806232683999951 0.125000 4.783000 4.908000
1818.839509683999950 0.000000 7.155000 7.155000
1818.872622736000039 0.171000 7.039000 7.210000
1818.905751735999957 0.177000 6.853000 7.030000
1818.972096944999976 0.286000 5.241000 5.527000
1819.005379726000001 0.149000 8.618000 8.767000
1819.038538131999985 0.128000 6.783000 6.911000
1819.071697049000022 0.129000 10.215000 10.344000
1819.104888683999889 0.000000 9.448000 9.448000
1819.137961736000079 0.140000 2.554000 2.694000
1819.171135787999901 0.121000 4.949000 5.070000
1819.237481840000100 0.246000 13.089000 13.335000
1819.270652788000007 0.141000 9.380000 9.521000
1819.303914737000014 0.133000 5.696000 5.829000
1819.337000840999963 0.135000 6.948000 7.083000
1819.370213788000001 0.000000 5.261000 5.261000
1819.403440735999993 0.128000 9.730000 9.858000
1819.436595256999908 0.118000 7.207000 7.325000
1819.502964090999967 0.126000 5.695000 5.821000
1819.536080257000094 0.000000 6.414000 6.414000
1819.602460736000012 0.126000 7.128000 7.254000
1819.701915922999888 0.129000 9.807000 9.936000
1819.768331412999942 0.250000 23.519000 23.769000
1819.834638621000067 0.000000 13.419000 13.419000
1819.867866047999996 0.179000 12.703000 12.882000
1820.000571340000079 0.170000 16.175000 16.345000
1820.066891997000084 0.362000 16.430000 16.792000
1820.133156621999888 0.287000 20.081000 20.368000
1820.166331464999985 0.127000 28.329000 28.456000
1820.199497996999980 0.150000 21.913000 22.063000
1820.232711683999923 0.151000 20.543000 20.694000
1820.265886632000047 0.140000 18.820000 18.960000
1820.299016789000007 0.214000 16.428000 16.642000
1820.332189735999918 0.172000 16.424000 16.596000
1820.365407788000084 0.147000 11.262000 11.409000
1820.398576631999958 0.170000 12.332000 12.502000
1820.431755100999908 0.140000 8.240000 8.380000
1820.464955736000093 0.139000 17.078000 17.217000
1820.498054737000075 0.148000 10.739000 10.887000
1820.531299996999905 0.151000 14.718000 14.869000
1820.564399683999909 0.147000 12.917000 13.064000
1820.597575735999953 0.145000 13.484000 13.629000
1820.630747736000103 0.158000 13.269000 13.427000
1820.663918735999914 0.201000 14.317000 14.518000
1820.697171995999952 0.151000 14.884000 15.035000
1820.730265839999902 0.150000 15.201000 15.351000
1820.763438736999888 0.142000 19.696000 19.838000
1820.796655787999953 0.143000 18.153000 18.296000
1820.829826683999954 0.157000 17.662000 17.819000
1820.863001683999983 0.153000 9.641000 9.794000
1820.896130683999900 0.133000 11.351000 11.484000
1820.929382892999911 0.159000 17.168000 17.327000
1820.962476736000099 0.148000 12.304000 12.452000
1820.995690839999952 0.129000 13.651000 13.780000
1821.028822839999975 0.175000 12.746000 12.921000
1821.061994788999982 0.205000 16.932000 17.137000
1821.095168736000005 0.179000 14.213000 14.392000
1821.128341787999943 0.167000 6.417000 6.584000
1821.161515684000051 0.000000 13.720000 13.720000
1821.194801787999950 0.143000 16.988000 17.131000
1821.227860684000007 0.139000 12.343000 12.482000
1821.294205683999962 0.258000 11.853000 12.111000
1821.327380205000054 0.132000 20.841000 20.973000
1821.360552736000045 0.136000 12.485000 12.621000
1821.393726631999925 0.000000 13.298000 13.298000
1821.426898788000017 0.146000 12.209000 12.355000
1821.460110840999960 0.129000 16.915000 17.044000
1821.526367820999894 0.271000 11.099000 11.370000
1821.559540820999928 0.124000 14.010000 14.134000
1821.592713874000083 0.000000 13.777000 13.777000
1821.625886872999899 0.180000 13.720000 13.900000
1821.659059872999933 0.000000 9.721000 9.721000
1821.725445872999899 0.317000 10.912000 11.229000
1821.791754925000077 0.268000 10.637000 10.905000
1821.825054924999904 0.126000 15.274000 15.400000
1821.858097769000096 0.139000 10.553000 10.692000
1821.891272821000030 0.000000 9.231000 9.231000
1821.924491665999994 0.131000 5.462000 5.593000
1821.957607822999989 0.161000 11.640000 11.801000
1822.023913510000057 0.307000 17.490000 17.797000
1822.057087562000106 0.151000 9.889000 10.040000
1822.090260238999917 0.147000 4.882000 5.029000
1822.123433614000078 0.127000 12.270000 12.397000
1822.156712457999902 0.139000 6.787000 6.926000
1822.189818613999932 0.135000 7.066000 7.201000
1822.222992406000003 0.135000 9.283000 9.418000
1822.256164562000095 0.123000 5.730000 5.853000
1822.289405615000078 0.130000 7.613000 7.743000
1822.322471510000014 0.124000 5.119000 5.243000
1822.355683822999936 0.118000 6.802000 6.920000
1822.388856667000027 0.150000 4.927000 5.077000
1822.421989665999945 0.141000 7.093000 7.234000
1822.455244666999988 0.132000 4.711000 4.843000
1822.488375665999911 0.130000 7.587000 7.717000
1822.521508613999913 0.123000 6.630000 6.753000
1822.554726562000042 0.128000 9.699000 9.827000
1822.587958801000013 0.133000 10.753000 10.886000
1822.620966856999985 0.139000 13.156000 13.295000
1822.654140012999960 0.203000 10.687000 10.890000
1822.687451908999947 0.153000 5.604000 5.757000
1822.720485065000048 0.125000 2.742000 2.867000
1822.753655513000012 0.123000 4.144000 4.267000
1822.786844220999910 0.124000 6.499000 6.623000
1822.819984961000046 0.157000 4.914000 5.071000
1822.853117960999953 0.135000 10.488000 10.623000
1822.886371908999990 0.144000 12.580000 12.724000
1822.919463013000041 0.138000 11.027000 11.165000
1822.952615444999992 0.155000 10.445000 10.600000
1822.985788392999893 0.136000 4.889000 5.025000
1823.018921393000028 0.143000 4.596000 4.739000
1823.052095392999945 0.137000 14.152000 14.289000
1823.085307444999899 0.145000 7.860000 8.005000
1823.118481550000070 0.138000 9.078000 9.216000
1823.151655497000093 0.207000 8.905000 9.112000
1823.184827706000078 0.168000 10.074000 10.242000
1823.217999392999900 0.144000 7.134000 7.278000
1823.251131549000092 0.141000 7.697000 7.838000
1823.284304548999899 0.147000 5.967000 6.114000
1823.317518705000111 0.136000 9.643000 9.779000
1823.350692497999944 0.146000 3.291000 3.437000
1823.383826425000052 0.000000 5.381000 5.381000
1823.417037549000042 0.173000 10.021000 10.194000
1823.450113943999895 0.164000 7.522000 7.686000
1823.516459839999925 0.286000 9.275000 9.561000
1823.549659840000004 0.000000 11.225000 11.225000
1823.582804892000013 0.160000 8.904000 9.064000
1823.615978892999919 0.140000 5.536000 5.676000
1823.682263675000058 0.288000 13.965000 14.253000
1823.715515934999985 0.206000 14.421000 14.627000
1823.748738040000035 0.000000 10.643000 10.643000
1823.781893403999902 0.191000 11.302000 11.493000
1823.814956039999970 0.141000 7.795000 7.936000
1823.881317229999922 0.147000 9.643000 9.790000
1823.914500334999957 0.000000 12.969000 12.969000
1823.980763219999972 0.394000 15.334000 15.728000
1824.047103220000054 0.149000 9.826000 9.975000
1824.080287073999898 0.148000 14.393000 14.541000
1824.113477220000050 0.000000 12.545000 12.545000
1824.179838740999912 0.142000 15.621000 15.763000
1824.246060897999996 0.218000 17.573000 17.791000
1824.312512407999975 0.196000 15.347000 15.543000
1824.412049324000009 0.306000 21.394000 21.700000
1824.478379626000105 0.274000 17.628000 17.902000
1824.511459626000033 0.000000 20.111000 20.111000
1824.544621354999890 0.156000 23.866000 24.022000
1824.577792407000061 0.211000 19.628000 19.839000
1824.644139199999927 0.340000 21.056000 21.396000
1824.677396271999896 0.156000 17.458000 17.614000
1824.710610064000093 0.154000 17.980000 18.134000
1824.743657115999895 0.000000 10.653000 10.653000
1824.776934115999893 0.149000 16.130000 16.279000
1824.810120167999912 0.000000 19.285000 19.285000
1824.876452636000067 0.445000 18.223000 18.668000
1824.942705220000107 0.298000 13.808000 14.106000
1824.975872117000108 0.000000 16.977000 16.977000
1825.009124012000029 0.141000 20.347000 20.488000
1825.042231063999907 0.158000 13.695000 13.853000
1825.108558012000003 0.199000 12.817000 13.016000
1825.141810480000004 0.000000 14.456000 14.456000
1825.208169324999972 0.327000 21.698000 22.025000
1825.274431271999902 0.158000 18.348000 18.506000
1825.307602324000072 0.149000 12.912000 13.061000
1825.373983063999958 0.147000 13.491000 13.638000
1825.407153271999960 0.000000 12.588000 12.588000
1825.473459168000090 0.330000 11.371000 11.701000
1825.539885012000013 0.297000 22.546000 22.843000
1825.572980116000053 0.197000 15.509000 15.706000
1825.606152115999976 0.169000 5.307000 5.476000
1825.639325064000104 0.149000 10.720000 10.869000
1825.672500116000037 0.147000 10.076000 10.223000
1825.705671116000076 0.000000 6.352000 6.352000
1825.738845220000030 0.152000 9.505000 9.657000
1825.772018116000027 0.000000 9.976000 9.976000
1825.838438429000007 0.279000 17.226000 17.505000
1825.904708324000012 0.199000 13.240000 13.439000
1825.937954272000070 0.000000 9.403000 9.403000
1826.004314219999969 0.361000 6.442000 6.803000
1826.070664480999994 0.293000 13.917000 14.210000
1826.103749428999890 0.163000 14.343000 14.506000
1826.136921220999966 0.145000 12.136000 12.281000
1826.170159064000018 0.149000 9.764000 9.913000
1826.203282219999892 0.144000 9.058000 9.202000
1826.236440272999971 0.139000 7.623000 7.762000
1826.269748323999920 0.000000 11.102000 11.102000
1826.302869272999942 0.162000 7.516000 7.678000
1826.335958221000055 0.137000 7.163000 7.300000
1826.402304168000001 0.289000 11.087000 11.376000
1826.435476271999960 0.150000 5.737000 5.887000
1826.468650168000067 0.135000 5.614000 5.749000
1826.501823169000090 0.141000 5.037000 5.178000
1826.534995219999928 0.000000 7.400000 7.400000
1826.568169221000062 0.134000 2.336000 2.470000
1826.601342116000069 0.136000 5.665000 5.801000
1826.667687063999892 0.298000 14.672000 14.970000
1826.700907063999921 0.137000 15.733000 15.870000
1826.734122168000113 0.000000 14.782000 14.782000
1826.767283063999912 0.144000 11.090000 11.234000
1826.800379168000063 0.000000 10.636000 10.636000
1826.866869167999994 0.277000 12.861000 13.138000
1826.933115168000086 0.293000 15.680000 15.973000
1826.966291116000093 0.137000 9.326000 9.463000
1826.999435116000086 0.151000 10.521000 10.672000
1827.032591116000049 0.141000 11.869000 12.010000
1827.065768063999940 0.197000 14.251000 14.448000
1827.098937168000020 0.166000 10.157000 10.323000
1827.132151168000064 0.206000 10.958000 11.164000
1827.165283168000087 0.149000 8.841000 8.990000
1827.198588116000110 0.137000 4.499000 4.636000
1827.231629116000022 0.139000 11.791000 11.930000
1827.264877689000059 0.136000 9.028000 9.164000
1827.298015376999956 0.144000 4.349000 4.493000
1827.331188428999894 0.145000 5.325000 5.470000
1827.364296750999983 0.145000 13.504000 13.649000
1827.397468804000027 0.145000 7.587000 7.732000
1827.430678646999922 0.135000 4.306000 4.441000
1827.463773699000058 0.129000 11.520000 11.649000
1827.497029699999985 0.144000 7.714000 7.858000
1827.530249646999891 0.175000 5.284000 5.459000
1827.563336855999978 0.131000 5.775000 5.906000
1827.596558063999964 0.000000 3.848000 3.848000
1827.629679907000082 0.301000 4.745000 5.046000
1827.662854908000099 0.136000 9.322000 9.458000
1827.697884743000031 0.155000 7.258000 7.413000
1827.729104847999906 0.134000 4.916000 5.050000
1827.762278743000024 0.140000 4.735000 4.875000
1827.795453723000037 0.153000 9.086000 9.239000
1827.828724827000087 0.139000 2.333000 2.472000
1827.861746363000066 0.139000 2.723000 2.862000
1827.894960549999951 0.160000 4.611000 4.771000
1827.928137289999995 0.149000 4.845000 4.994000
1827.961360946000013 0.143000 4.563000 4.706000
1827.994433946000072 0.142000 7.513000 7.655000
1828.027671946000055 0.129000 7.126000 7.255000
1828.060779999000033 0.131000 7.228000 7.359000
1828.093995051000093 0.142000 7.003000 7.145000
1828.127124998999989 0.142000 7.217000 7.359000
1828.160339049999948 0.131000 7.527000 7.658000
1828.193471946000045 0.147000 6.554000 6.701000
1828.226685997999994 0.158000 4.062000 4.220000
1828.259818049999922 0.134000 2.367000 2.501000
1828.293030946000044 0.152000 2.207000 2.359000
1828.326162997999973 0.138000 2.077000 2.215000
1828.359336997999890 0.128000 4.565000 4.693000
1828.392510205999997 0.128000 6.467000 6.595000
1828.425682946000052 0.120000 3.920000 4.040000
1828.458855997999990 0.131000 1.717000 1.848000
1828.492029153999965 0.120000 5.303000 5.423000
1828.525242102999982 0.136000 5.903000 6.039000
1828.558415893000074 0.171000 3.934000 4.105000
1828.591547945999991 0.138000 2.241000 2.379000
1828.624762050000072 0.192000 2.023000 2.215000
1828.657894998000074 0.151000 1.858000 2.009000
1828.691071258999955 0.126000 4.937000 5.063000
1828.724241945999893 0.131000 7.231000 7.362000
1828.757412945999931 0.129000 5.675000 5.804000
1828.790661049999926 0.146000 7.431000 7.577000
1828.823834102000092 0.127000 2.338000 2.465000
1828.856975945999920 0.130000 2.380000 2.510000
1828.890185258999963 0.137000 5.810000 5.947000
1828.923352310999917 0.157000 6.184000 6.341000
1828.956552310999996 0.136000 3.885000 4.021000
1828.989772945999903 0.127000 2.321000 2.448000
1829.022883101999923 0.133000 2.302000 2.435000
1829.055971102000058 0.121000 2.839000 2.960000
1829.089246832000072 0.120000 1.994000 2.114000
1829.122366884000030 0.130000 5.250000 5.380000
1829.155491831000063 0.000000 6.538000 6.538000
1829.188664153999980 0.130000 2.607000 2.737000
1829.221836999000061 0.000000 2.403000 2.403000
1829.288181206999980 0.252000 2.712000 2.964000
1829.354567997999993 0.306000 5.274000 5.580000
1829.387701946000107 0.145000 6.337000 6.482000
1829.420981920000031 0.132000 3.338000 3.470000
1829.454157232999933 0.135000 2.088000 2.223000
1829.487328971999887 0.130000 1.985000 2.115000
1829.520500816000094 0.121000 1.873000 1.994000
1829.553775868999992 0.125000 2.171000 2.296000
1829.587044834999915 0.130000 5.394000 5.524000
1829.620217886000091 0.000000 5.678000 5.678000
1829.653338833999896 0.124000 2.404000 2.528000
1829.686469938000073 0.124000 2.456000 2.580000
1829.752822094000066 0.243000 3.086000 3.329000
1829.786099667999906 0.123000 6.029000 6.152000
1829.819269938999923 0.126000 8.447000 8.573000
1829.852444303000084 0.132000 3.208000 3.340000
1829.885620677999896 0.121000 2.241000 2.362000
1829.918793626000024 0.000000 5.469000 5.469000
1829.952075550000018 0.119000 9.830000 9.949000
1829.985246133999908 0.116000 2.610000 2.726000
1830.051594654999917 0.116000 7.728000 7.844000
1830.084765768999887 0.000000 7.041000 7.041000
1830.151148613000032 0.134000 8.314000 8.448000
1830.217620453000109 0.120000 5.568000 5.688000
1830.317200296000010 0.255000 14.855000 15.110000
1830.350274119000005 0.145000 8.167000 8.312000
1830.416659338000045 0.127000 8.045000 8.172000
1830.449833233999925 0.131000 13.334000 13.465000
1830.516340928000091 0.245000 10.247000 10.492000
1830.549503876000017 0.128000 7.501000 7.629000
1830.582734084000094 0.124000 2.092000 2.216000
1830.615779876000033 0.120000 2.179000 2.299000
1830.649041875999956 0.000000 1.853000 1.853000
1830.682248610999977 0.125000 6.965000 7.090000
1830.715462715000058 0.151000 4.194000 4.345000
1830.781841558999986 0.207000 4.356000 4.563000
1830.814941610999995 0.146000 7.381000 7.527000
1830.848190872000032 0.296000 6.568000 6.864000
1830.914576564000072 0.466000 10.741000 11.207000
1830.947790459000089 0.250000 8.461000 8.711000
1830.980923564000022 0.265000 4.208000 4.473000
1831.014096459000029 0.198000 3.194000 3.392000
1831.047359406999931 0.206000 8.565000 8.771000
1831.080529274999890 0.210000 8.042000 8.252000
1831.113743327000066 0.182000 2.921000 3.103000
1831.146875274999957 0.132000 6.384000 6.516000
1831.180087170999968 0.131000 4.237000 4.368000
1831.213262327999928 0.209000 2.332000 2.541000
1831.246394638000083 0.180000 2.402000 2.582000
1831.279612639000106 0.136000 1.991000 2.127000
1831.312742221999997 0.135000 6.426000 6.561000
1831.345952378999982 0.174000 9.170000 9.344000
1831.379089377999890 0.149000 2.084000 2.233000
1831.412287273999937 0.125000 6.130000 6.255000
1831.445520689999967 0.141000 7.112000 7.253000
1831.478606377999995 0.121000 1.882000 2.003000
1831.511778535000076 0.129000 5.656000 5.785000
1831.544951222000009 0.138000 7.186000 7.324000
1831.578124273999947 0.129000 5.566000 5.695000
1831.611297274999970 0.178000 5.932000 6.110000
1831.644472222000104 0.144000 4.195000 4.339000
1831.677753325999902 0.121000 2.517000 2.638000
1831.710820274000071 0.128000 5.448000 5.576000
1831.743991274000109 0.127000 9.895000 10.022000
1831.777204274000042 0.127000 8.044000 8.171000
1831.810336430000007 0.122000 5.053000 5.175000
1831.843554326000003 0.127000 4.336000 4.463000
1831.876682535000100 0.122000 2.125000 2.247000
1831.909854221999922 0.167000 5.360000 5.527000
1831.943028378000008 0.135000 7.732000 7.867000
1831.976244274000010 0.000000 9.330000 9.330000
1832.009372274000043 0.127000 4.927000 5.054000
1832.042587273999970 0.126000 3.948000 4.074000
1832.108892221999895 0.262000 11.839000 12.101000
1832.142064273999949 0.000000 14.304000 14.304000
1832.175238221999962 0.197000 6.909000 7.106000
1832.208411273999900 0.192000 12.377000 12.569000
1832.274757222000062 0.295000 10.833000 11.128000
1832.308024483000054 0.131000 17.481000 17.612000
1832.341103430999965 0.163000 6.944000 7.107000
1832.374348431000044 0.160000 12.230000 12.390000
1832.407492618000106 0.125000 11.191000 11.316000
1832.440623722000055 0.148000 12.040000 12.188000
1832.473839221999924 0.184000 12.940000 13.124000
1832.506969315000106 0.170000 8.487000 8.657000
1832.540143565000108 0.144000 15.394000 15.538000
1832.573326148999968 0.138000 9.416000 9.554000
1832.606487941000069 0.135000 8.581000 8.716000
1832.639661835999959 0.135000 10.227000 10.362000
1832.672836983000025 0.136000 8.724000 8.860000
1832.706007690999968 0.149000 9.411000 9.560000
1832.739180618000091 0.129000 10.812000 10.941000
1832.772353409000061 0.167000 15.376000 15.543000
1832.805631602999938 0.138000 15.588000 15.726000
1832.838846395000019 0.147000 10.094000 10.241000
1832.871938447000048 0.183000 16.883000 17.066000
1832.905111498999986 0.153000 13.318000 13.471000
1832.938284082000109 0.133000 21.257000 21.390000
1832.971501978000106 0.143000 14.374000 14.517000
1833.004628978000028 0.130000 16.945000 17.075000
1833.037844237999934 0.171000 19.838000 20.009000
1833.070976924999968 0.149000 18.573000 18.722000
1833.104231133999974 0.167000 22.643000 22.810000
1833.137322133999987 0.156000 18.210000 18.366000
1833.170535978000089 0.142000 17.046000 17.188000
1833.203715977999991 0.169000 21.822000 21.991000
1833.236843031000035 0.169000 18.339000 18.508000
1833.270054029999983 0.149000 18.586000 18.735000
1833.303227081999921 0.147000 12.058000 12.205000
1833.336370029999898 0.134000 14.232000 14.366000
1833.369579978000047 0.141000 16.770000 16.911000
1833.402707269000075 0.127000 17.466000 17.593000
1833.435918978000018 0.162000 19.022000 19.184000
1833.469051926000020 0.143000 16.850000 16.993000
1833.502272081999990 0.228000 11.754000 11.982000
1833.535437977999891 0.170000 10.795000 10.965000
1833.568570978000025 0.150000 14.355000 14.505000
1833.601744134000000 0.163000 19.215000 19.378000
1833.634901803000048 0.206000 16.176000 16.382000
1833.668074750999949 0.150000 13.042000 13.192000
1833.701243959000067 0.156000 21.590000 21.746000
1833.734376855999926 0.132000 11.283000 11.415000
1833.767550802999949 0.143000 16.664000 16.807000
1833.800659430999985 0.131000 13.949000 14.080000
1833.833835169999929 0.173000 10.609000 10.782000
1833.867046691000041 0.140000 10.932000 11.072000
1833.900179627999933 0.176000 8.985000 9.161000
1833.933352784999897 0.153000 7.840000 7.993000
1833.966524732999915 0.000000 12.019000 12.019000
1833.999701097000070 0.184000 11.427000 11.611000
1834.032961628000066 0.000000 5.266000 5.266000
1834.099216170000091 0.153000 10.371000 10.524000
1834.165682221999987 0.326000 12.256000 12.582000
1834.231859957000097 0.278000 8.369000 8.647000
1834.265032176999966 0.000000 16.191000 16.191000
1834.298205227999915 0.165000 2.304000 2.469000
1834.331424103000018 0.176000 4.662000 4.838000
1834.397838332999982 0.285000 13.667000 13.952000
1834.430847459999995 0.161000 12.028000 12.189000
1834.464024668000093 0.162000 2.771000 2.933000
1834.497312563999913 0.160000 5.183000 5.343000
1834.530353408000110 0.149000 6.384000 6.533000
1834.563526460000048 0.000000 2.123000 2.123000
1834.596648198999901 0.146000 5.169000 5.315000
1834.629817147000040 0.218000 10.305000 10.523000
1834.696168720000060 0.304000 7.601000 7.905000
1834.729339302999961 0.150000 11.187000 11.337000
1834.762620355000081 0.139000 2.535000 2.674000
1834.795716794000100 0.145000 2.129000 2.274000
1834.828899472000103 0.149000 2.386000 2.535000
1834.861955575999900 0.130000 5.055000 5.185000
1834.895174679000093 0.152000 10.176000 10.328000
1834.928444721999995 0.140000 3.103000 3.243000
1834.961396441000034 0.136000 2.511000 2.647000
1834.994568545999982 0.137000 4.935000 5.072000
1835.027841462999959 0.153000 10.101000 10.254000
1835.060913619000075 0.150000 2.777000 2.927000
1835.094090482999945 0.000000 5.178000 5.178000
1835.127185071999975 0.158000 9.594000 9.752000
1835.160355820999939 0.180000 7.749000 7.929000
1835.226702717000080 0.298000 8.446000 8.744000
1835.259871665999981 0.141000 5.603000 5.744000
1835.293083456999966 0.144000 1.937000 2.081000
1835.326228040999922 0.137000 6.396000 6.533000
1835.359412196999983 0.143000 7.803000 7.946000
1835.392534301000069 0.129000 1.842000 1.971000
1835.425666936999960 0.134000 1.860000 1.994000
1835.458841988999893 0.126000 5.275000 5.401000
1835.491951902999972 0.155000 7.085000 7.240000
1835.525201058999983 0.139000 6.738000 6.877000
1835.558298008000065 0.169000 7.706000 7.875000
1835.591471111999908 0.139000 1.986000 2.125000
1835.624645058999931 0.135000 5.148000 5.283000
1835.657750651000015 0.220000 9.384000 9.604000
1835.690926600000012 0.126000 5.767000 5.893000
1835.724096443000008 0.000000 9.504000 9.504000
1835.757385442999976 0.164000 5.996000 6.160000
1835.790444494999974 0.146000 4.846000 4.992000
1835.856722047999938 0.144000 5.704000 5.848000
1835.889894942999945 0.000000 8.431000 8.431000
1835.956323723999958 0.170000 9.314000 9.484000
1836.022586890999946 0.283000 13.682000 13.965000
1836.089037942999994 0.157000 13.309000 13.466000
1836.122025974000053 0.147000 12.408000 12.555000
1836.188413974000014 0.277000 20.749000 21.026000
1836.221549233999895 0.157000 9.153000 9.310000
1836.254790078000042 0.141000 15.356000 15.497000
1836.287974026000029 0.000000 17.264000 17.264000
1836.321063137000010 0.154000 11.551000 11.705000
1836.354225136999958 0.147000 16.310000 16.457000
1836.420539137000105 0.299000 12.874000 13.173000
1836.453670137000017 0.140000 17.012000 17.152000
1836.486937084999909 0.154000 15.866000 16.020000
1836.519958498000051 0.153000 12.173000 12.326000
1836.553131445999952 0.174000 12.016000 12.190000
1836.586371498000062 0.161000 13.103000 13.264000
1836.619490446000100 0.162000 13.870000 14.032000
1836.652696810999942 0.151000 13.175000 13.326000
1836.685862019000069 0.138000 8.233000 8.371000
1836.718996393999987 0.137000 15.364000 15.501000
1836.752168653999888 0.195000 11.404000 11.599000
1836.785356498000056 0.156000 17.988000 18.144000
1836.818591446000028 0.172000 13.991000 14.163000
1836.851728498000057 0.000000 16.544000 16.544000
1836.884906446000059 0.173000 15.277000 15.450000
1836.918074497999896 0.162000 20.013000 20.175000
1836.984379653999895 0.325000 19.263000 19.588000
1837.017553394000061 0.000000 16.887000 16.887000
1837.050726445999999 0.202000 19.644000 19.846000
1837.083941445999926 0.183000 19.347000 19.530000
1837.150324446000013 0.350000 14.614000 14.964000
1837.183419060000006 0.142000 18.562000 18.704000
1837.216680904999976 0.155000 21.391000 21.546000
1837.249764696000057 0.157000 17.443000 17.600000
1837.282937050000100 0.152000 18.614000 18.766000
1837.316150956999991 0.000000 14.939000 14.939000
1837.349326757999961 0.153000 11.281000 11.434000
1837.382497758000000 0.145000 12.883000 13.028000
1837.448842446000072 0.296000 8.398000 8.694000
1837.481974393999963 0.135000 16.179000 16.314000
1837.515217445999951 0.150000 12.422000 12.572000
1837.548405393999928 0.000000 5.115000 5.115000
1837.581518341999981 0.167000 6.182000 6.349000
1837.614769393999950 0.146000 15.612000 15.758000
1837.681051446000083 0.000000 20.412000 20.412000
1837.714229445999990 0.207000 14.212000 14.419000
1837.813706842000101 0.311000 11.375000 11.686000
1837.846877914000061 0.135000 18.648000 18.783000
1837.880176394000046 0.137000 11.132000 11.269000
1837.946397551000018 0.270000 7.038000 7.308000
1837.979610602000093 0.161000 16.393000 16.554000
1838.012855759000104 0.000000 13.544000 13.544000
1838.045957862000023 0.159000 17.193000 17.352000
1838.079133811000020 0.144000 15.833000 15.977000
1838.145475497999996 0.144000 17.599000 17.743000
1838.178607498000019 0.194000 15.374000 15.568000
1838.211781550000069 0.143000 8.639000 8.782000
1838.278126394000083 0.282000 4.227000 4.509000
1838.311298342000100 0.143000 16.847000 16.990000
1838.344473394000033 0.160000 16.232000 16.392000
1838.377645393999956 0.000000 19.480000 19.480000
1838.410818445999894 0.173000 12.731000 12.904000
1838.444031446000054 0.142000 8.722000 8.864000
1838.510378706999973 0.000000 16.879000 16.879000
1838.543512393999890 0.200000 20.937000 21.137000
1838.643070394000006 0.706000 16.695000 17.401000
1838.676243498000076 0.255000 22.940000 23.195000
1838.709375394000062 0.229000 20.714000 20.943000
1838.742589394000106 0.272000 16.028000 16.300000
1838.775736446000110 0.328000 14.204000 14.532000
1838.808934394000062 0.213000 12.154000 12.367000
1838.842066497999895 0.769000 12.373000 13.142000
1838.875361341999906 0.209000 10.618000 10.827000
1838.908536601999913 0.272000 6.340000 6.612000
1838.941658446000019 0.180000 10.490000 10.670000
1838.974855341999955 0.149000 15.140000 15.289000
1839.007933633999983 0.140000 12.025000 12.165000
1839.041105070999947 0.156000 7.613000 7.769000
1839.074313535000101 0.144000 4.414000 4.558000
1839.107397139000113 0.138000 9.793000 9.931000
1839.140641087999938 0.148000 7.310000 7.458000
1839.173745982999890 0.130000 8.315000 8.445000
1839.207019035000030 0.168000 7.602000 7.770000
1839.240224243000057 0.134000 7.887000 8.021000
1839.273268982999980 0.156000 6.474000 6.630000
1839.306452034999893 0.151000 8.813000 8.964000
1839.339614242999914 0.137000 4.474000 4.611000
1839.372870035000005 0.127000 5.227000 5.354000
1839.405901109000069 0.134000 7.260000 7.394000
1839.439164005000066 0.130000 4.351000 4.481000
1839.472250004999978 0.144000 9.531000 9.675000
1839.505418057000043 0.134000 9.798000 9.932000
1839.538592005000055 0.133000 2.039000 2.172000
1839.571764890999930 0.126000 1.873000 1.999000
1839.604940389999911 0.125000 4.564000 4.689000
1839.638109578000012 0.123000 8.617000 8.740000
1839.671281577999935 0.123000 1.951000 2.074000
1839.704455400999905 0.272000 3.198000 3.470000
1839.737631964000002 0.174000 4.617000 4.791000
1839.770804964000035 0.140000 9.022000 9.162000
1839.803976296999963 0.155000 5.579000 5.734000
1839.837148400999922 0.133000 5.204000 5.337000
1839.870320671999934 0.149000 6.477000 6.626000
1839.903622515000052 0.151000 4.001000 4.152000
1839.936739890999888 0.127000 4.816000 4.943000
1839.969838046999939 0.000000 8.788000 8.788000
1840.003009952999946 0.134000 6.363000 6.497000
1840.036183900999958 0.127000 2.897000 3.024000
1840.102604900999950 0.259000 5.541000 5.800000
1840.135703212999942 0.132000 4.932000 5.064000
1840.168992056999969 0.129000 2.217000 2.346000
1840.202161005000107 0.120000 2.136000 2.256000
1840.235323630000039 0.131000 6.040000 6.171000
1840.268438785999933 0.205000 4.467000 4.672000
1840.301610369999935 0.154000 6.220000 6.374000
1840.334740213000032 0.139000 7.539000 7.678000
1840.367914161000044 0.133000 5.139000 5.272000
1840.401166109000087 0.133000 2.320000 2.453000
1840.434353068000064 0.127000 5.395000 5.522000
1840.467525327999965 0.190000 7.454000 7.644000
1840.500740275999988 0.153000 4.158000 4.311000
1840.533910015999936 0.132000 2.356000 2.488000
1840.567125755999996 0.128000 2.159000 2.287000
1840.600318075999894 0.126000 5.259000 5.385000
1840.633494273999986 0.129000 4.133000 4.262000
1840.666707066000072 0.124000 2.352000 2.476000
1840.699857013999917 0.125000 4.618000 4.743000
1840.733011389000012 0.126000 4.787000 4.913000
1840.766292646000011 0.122000 5.649000 5.771000
1840.799466749999965 0.140000 7.919000 8.059000
1840.832637750999993 0.129000 3.748000 3.877000
1840.865809593999984 0.125000 1.850000 1.975000
1840.898983750000070 0.000000 1.998000 1.998000
1840.932341487000031 0.119000 5.172000 5.291000
1840.965514226000096 0.000000 7.360000 7.360000
1841.031861538999920 0.152000 8.514000 8.666000
1841.098135798999920 0.161000 7.643000 7.804000
1841.164521475999891 0.354000 3.947000 4.301000
1841.231032430999903 0.136000 6.178000 6.314000
1841.264126514000054 0.129000 11.026000 11.155000
1841.330493118000049 0.141000 12.620000 12.761000
1841.363710171000093 0.198000 7.553000 7.751000
1841.429988910000020 0.253000 6.560000 6.813000
1841.463325645999930 0.122000 2.504000 2.626000
1841.496502595000038 0.128000 1.921000 2.049000
1841.529672542000071 0.126000 5.658000 5.784000
1841.562804698000036 0.142000 8.111000 8.253000
1841.596055208000053 0.127000 3.632000 3.759000
1841.629274225000017 0.126000 2.067000 2.193000
1841.662527381000018 0.127000 5.619000 5.746000
1841.695662224999978 0.137000 6.508000 6.645000
1841.728832328999943 0.140000 2.170000 2.310000
1841.762053225000045 0.125000 2.013000 2.138000
1841.795254183999987 0.120000 1.937000 2.057000
1841.828495131999944 0.127000 5.733000 5.860000
1841.861683183999958 0.117000 5.325000 5.442000
1841.894811289000017 0.119000 4.087000 4.206000
1841.927985183999908 0.122000 6.328000 6.450000
1841.961250209999889 0.132000 7.214000 7.346000
1841.994458105999911 0.130000 3.892000 4.022000
1842.027649262000068 0.123000 2.019000 2.142000
1842.060811053999942 0.116000 5.299000 5.415000
1842.093922262999968 0.000000 8.271000 8.271000
1842.127188784000055 0.142000 6.148000 6.290000
1842.160361836999982 0.134000 6.034000 6.168000
1842.226767733000088 0.294000 7.963000 8.257000
1842.259840773999940 0.130000 2.264000 2.394000
1842.293082512999945 0.126000 2.007000 2.133000
1842.326232889000039 0.174000 1.821000 1.995000
1842.359398888999976 0.000000 5.248000 5.248000
1842.392650731999993 0.150000 5.921000 6.071000
1842.425806784000088 0.182000 2.389000 2.571000
1842.492089732000068 0.134000 6.574000 6.708000
1842.525263940000059 0.133000 6.748000 6.881000
1842.591647731999956 0.130000 9.101000 9.231000
1842.624743733000059 0.130000 9.327000 9.457000
1842.658017680000057 0.137000 8.575000 8.712000
1842.724278784000035 0.270000 9.855000 10.125000
1842.757508596999969 0.135000 13.315000 13.450000
1842.790679701000045 0.129000 11.149000 11.278000
1842.823853700999962 0.162000 7.266000 7.428000
1842.857027597000069 0.151000 15.673000 15.824000
1842.890199545000087 0.176000 8.290000 8.466000
1842.923517997000090 0.145000 8.644000 8.789000
1842.956614944999956 0.132000 9.890000 10.022000
1842.989824048999935 0.127000 8.444000 8.571000
1843.023039997000069 0.137000 3.318000 3.455000
1843.056217892999939 0.138000 4.846000 4.984000
1843.089345945000105 0.139000 8.176000 8.315000
1843.122516893000011 0.145000 7.158000 7.303000
1843.155689205000044 0.180000 6.628000 6.808000
1843.188862996999887 0.149000 9.383000 9.532000
1843.222071100999983 0.185000 4.096000 4.281000
1843.255247153000028 0.000000 8.741000 8.741000
1843.288341049000110 0.145000 5.810000 5.955000
1843.321513049000032 0.138000 5.350000 5.488000
1843.387898944999961 0.269000 13.551000 13.820000
1843.421033049000016 0.123000 9.827000 9.950000
1843.454248945000018 0.129000 11.570000 11.699000
1843.487419945000056 0.154000 13.342000 13.496000
1843.520553996999979 0.180000 9.922000 10.102000
1843.553765997000028 0.136000 12.766000 12.902000
1843.586945996999930 0.159000 7.459000 7.618000
1843.620071975999963 0.134000 3.483000 3.617000
1843.653285945000107 0.143000 7.097000 7.240000
1843.686457048999955 0.140000 12.217000 12.357000
1843.719630048999989 0.145000 9.089000 9.234000
1843.752762154000038 0.136000 5.273000 5.409000
1843.785938080000051 0.170000 3.060000 3.230000
1843.819108997000058 0.128000 7.168000 7.296000
1843.852321996999990 0.136000 13.509000 13.645000
1843.885455050000019 0.127000 13.613000 13.740000
1843.918637945000000 0.138000 9.529000 9.667000
1843.951800102000107 0.126000 5.082000 5.208000
1843.984974361000013 0.128000 7.870000 7.998000
1844.018146997000031 0.130000 9.629000 9.759000
1844.051408204999916 0.140000 4.112000 4.252000
1844.084492998000087 0.148000 9.971000 10.119000
1844.117746153000098 0.143000 9.813000 9.956000
1844.150837997000053 0.147000 10.663000 10.810000
1844.184012944999949 0.196000 15.396000 15.592000
1844.217206892999911 0.151000 11.152000 11.303000
1844.250460048999912 0.172000 6.490000 6.662000
1844.283628997000051 0.175000 14.204000 14.379000
1844.316793102000020 0.178000 10.681000 10.859000
1844.349996944999930 0.140000 8.493000 8.633000
1844.383170101999895 0.135000 11.315000 11.450000
1844.416224100999898 0.127000 11.660000 11.787000
1844.449499100999901 0.142000 13.079000 13.221000
1844.482704048999949 0.260000 15.122000 15.382000
1844.515854048999927 0.217000 13.857000 14.074000
1844.549050779000027 0.137000 10.037000 10.174000
1844.582194987000094 0.141000 7.165000 7.306000
1844.615266560000009 0.000000 7.762000 7.762000
1844.648435153000037 0.146000 15.538000 15.684000
1844.681607309999890 0.132000 16.634000 16.766000
1844.748069048999923 0.255000 18.855000 19.110000
1844.781254153999953 0.126000 14.196000 14.322000
1844.814369393000106 0.157000 9.602000 9.759000
1844.847575288999906 0.000000 8.882000 8.882000
1844.880699996999965 0.129000 5.830000 5.959000
1844.913820101000056 0.000000 13.908000 13.908000
1844.980266048999965 0.399000 8.780000 9.179000
1845.046515049999925 0.260000 11.088000 11.348000
1845.079684891999932 0.119000 13.983000 14.102000
1845.112856310000097 0.182000 17.642000 17.824000
1845.146130997000000 0.000000 17.379000 17.379000
1845.179205944999921 0.192000 12.144000 12.336000
1845.212316933000011 0.151000 18.601000 18.752000
1845.278661932999967 0.317000 14.698000 15.015000
1845.311833879999995 0.147000 17.919000 18.066000
1845.345009036999954 0.140000 24.190000 24.330000
1845.378253702999928 0.149000 16.808000 16.957000
1845.411355913000079 0.000000 19.978000 19.978000
1845.444528495999975 0.152000 20.572000 20.724000
1845.477702069000088 0.154000 14.398000 14.552000
1845.544087037000054 0.289000 11.800000 12.089000
1845.577297038000097 0.135000 26.051000 26.186000
1845.610354958000016 0.164000 21.944000 22.108000
1845.643528844000002 0.156000 19.387000 19.543000
1845.676661196999930 0.149000 16.647000 16.796000
1845.709835010000006 0.145000 19.289000 19.434000
1845.743133010000065 0.151000 25.555000 25.706000
1845.776195032000032 0.154000 15.473000 15.627000
1845.809290241000099 0.154000 16.105000 16.259000
1845.842460187999905 0.145000 17.201000 17.346000
1845.875636084000007 0.162000 12.581000 12.743000
1845.908808032000024 0.145000 14.018000 14.163000
1845.941990816000043 0.142000 16.597000 16.739000
1845.975156555000012 0.192000 12.779000 12.971000
1846.008250659999931 0.165000 22.645000 22.810000
1846.041464607000080 0.191000 14.807000 14.998000
1846.074595451000050 0.000000 17.189000 17.189000
1846.107715091000046 0.186000 14.837000 15.023000
1846.140846194999995 0.139000 4.684000 4.823000
1846.207192653999982 0.142000 5.597000 5.739000
1846.240446299000041 0.143000 15.011000 15.154000
1846.306750549000071 0.139000 21.686000 21.825000
1846.339794535999999 0.226000 17.172000 17.398000
1846.372965192000038 0.183000 13.957000 14.140000
1846.439381191999928 0.293000 15.673000 15.966000
1846.472484244000043 0.204000 16.770000 16.974000
1846.505657244000076 0.183000 12.443000 12.626000
1846.538758114000075 0.142000 5.358000 5.500000
1846.571976061999976 0.139000 9.300000 9.439000
1846.605145009999887 0.141000 6.541000 6.682000
1846.638276165999969 0.142000 9.071000 9.213000
1846.671450270999912 0.135000 6.923000 7.058000
1846.704561597000065 0.147000 8.398000 8.545000
1846.737773440999945 0.134000 5.528000 5.662000
1846.770906441000079 0.142000 2.249000 2.391000
1846.804119441000012 0.132000 5.319000 5.451000
1846.837343492999935 0.148000 5.971000 6.119000
1846.870396561000007 0.135000 2.944000 3.079000
1846.903574560999914 0.133000 5.217000 5.350000
1846.936739614000089 0.145000 6.741000 6.886000
1846.969913404999943 0.146000 9.789000 9.935000
1847.003126561000045 0.000000 10.507000 10.507000
1847.036136265000096 0.151000 9.333000 9.484000
1847.069307368999944 0.153000 7.190000 7.343000
1847.135737734000031 0.141000 12.648000 12.789000
1847.168865421999953 0.153000 15.989000 16.142000
1847.235171369000000 0.274000 23.105000 23.379000
1847.268252376999953 0.176000 16.821000 16.997000
1847.301427376999982 0.000000 10.198000 10.198000
1847.334706481000012 0.174000 6.584000 6.758000
1847.367864157999975 0.148000 5.969000 6.117000
1847.434122532999936 0.286000 9.508000 9.794000
1847.467194241000016 0.229000 11.523000 11.752000
1847.500367345000086 0.189000 7.200000 7.389000
1847.533578450000050 0.147000 7.693000 7.840000
1847.566751552999904 0.154000 11.342000 11.496000
1847.599907189000078 0.155000 14.001000 14.156000
1847.633027201999994 0.178000 10.035000 10.213000
1847.666128889999982 0.000000 6.859000 6.859000
1847.699343994999936 0.199000 7.313000 7.512000
1847.732473889999937 0.172000 9.743000 9.915000
1847.798821838000094 0.289000 7.472000 7.761000
1847.831930972000009 0.133000 5.235000 5.368000
1847.865143920000037 0.143000 6.259000 6.402000
1847.898317972000086 0.141000 12.509000 12.650000
1847.931450180999946 0.210000 12.327000 12.537000
1847.964623285000016 0.186000 6.365000 6.551000
1847.997837868000033 0.144000 6.684000 6.828000
1848.030969023999887 0.140000 6.136000 6.276000
1848.064183127999968 0.137000 7.631000 7.768000
1848.097401920000038 0.145000 9.073000 9.218000
1848.130562920000102 0.136000 8.732000 8.868000
1848.163736023999945 0.144000 10.128000 10.272000
1848.196876971999927 0.133000 10.600000 10.733000
1848.230006971999956 0.204000 9.896000 10.100000
1848.263180868000063 0.164000 13.688000 13.852000
1848.296353868000097 0.177000 12.041000 12.218000
1848.329525285000045 0.140000 8.369000 8.509000
1848.362699076999888 0.138000 6.851000 6.989000
1848.395872024000028 0.000000 8.210000 8.210000
1848.429044023999950 0.197000 8.685000 8.882000
1848.462218127999904 0.185000 9.093000 9.278000
1848.528566160000082 0.376000 11.540000 11.916000
1848.561738315999946 0.150000 10.095000 10.245000
1848.594913461000033 0.144000 7.978000 8.122000
1848.628137285000093 0.204000 7.958000 8.162000
1848.661256491999893 0.000000 7.880000 7.880000
1848.694431107999890 0.160000 9.657000 9.817000
1848.727625055000090 0.159000 5.625000 5.784000
1848.793990368000095 0.156000 10.189000 10.345000
1848.827163575999975 0.144000 8.916000 9.060000
1848.893469263000043 0.138000 7.232000 7.370000
1848.926737317000061 0.131000 9.581000 9.712000
1848.959909161000041 0.179000 6.200000 6.379000
1849.026256056999955 0.137000 8.292000 8.429000
1849.059429162000015 0.150000 7.877000 8.027000
1849.092603578000080 0.149000 5.942000 6.091000
1849.159111660000008 0.138000 11.016000 11.154000
1849.192204711999921 0.153000 12.117000 12.270000
1849.258545711999886 0.287000 11.475000 11.762000
1849.291719659999899 0.000000 7.038000 7.038000
1849.324899076000065 0.136000 6.219000 6.355000
1849.358066024999971 0.000000 9.069000 9.069000
1849.424411764000070 0.201000 6.791000 6.992000
1849.490830815999971 0.190000 6.789000 6.979000
1849.557102659000066 0.146000 6.223000 6.369000
1849.623566867999898 0.378000 10.215000 10.593000
1849.689811711999937 0.139000 5.396000 5.535000
1849.723079659999939 0.153000 7.178000 7.331000
1849.756144836999965 0.000000 4.338000 4.338000
1849.822563765000041 0.294000 9.192000 9.486000
1849.888875763999977 0.273000 11.752000 12.025000
1849.922005815999910 0.209000 5.410000 5.619000
1849.955317919999970 0.161000 2.413000 2.574000
1849.988351607999903 0.142000 4.631000 4.773000
1850.021648920999951 0.137000 7.417000 7.554000
1850.054697712000007 0.144000 3.401000 3.545000
1850.088040128000102 0.000000 2.373000 2.373000
1850.121203076000029 0.158000 2.241000 2.399000
1850.154399128000023 0.162000 4.840000 5.002000
1850.220662107999942 0.167000 8.419000 8.586000
1850.253910107999900 0.157000 8.097000 8.254000
1850.320270421000032 0.155000 7.009000 7.164000
1850.353513577000058 0.154000 11.205000 11.359000
1850.419788472999926 0.296000 11.547000 11.843000
1850.453034316999947 0.195000 4.164000 4.359000
1850.486217317999944 0.142000 6.418000 6.560000
1850.519454466000070 0.144000 3.027000 3.171000
1850.552584622000040 0.130000 2.335000 2.465000
1850.585852361999969 0.000000 5.406000 5.406000
1850.619024414000023 0.155000 6.227000 6.382000
1850.652104466000083 0.142000 4.106000 4.248000
1850.718539921999991 0.268000 6.027000 6.295000
1850.751713026000061 0.123000 4.887000 5.010000
1850.784974869000052 0.126000 7.275000 7.401000
1850.818059869000081 0.124000 4.465000 4.589000
1850.851274390000071 0.131000 7.402000 7.533000
1850.884498168999926 0.124000 7.101000 7.225000
1850.917671117000054 0.126000 2.283000 2.409000
1850.950845221000009 0.120000 3.741000 3.861000
1850.984018221000042 0.131000 8.782000 8.913000
1851.017288116999907 0.189000 5.813000 6.002000
1851.050457117999940 0.264000 8.022000 8.286000
1851.083631169999990 0.208000 8.612000 8.820000
1851.116845065999996 0.212000 6.920000 7.132000
1851.150020326000003 0.331000 5.215000 5.546000
1851.183193898999889 0.185000 10.688000 10.873000
1851.216411441999981 0.290000 5.865000 6.155000
1851.249629337999977 0.350000 5.060000 5.410000
1851.282758650000005 0.173000 4.841000 5.014000
1851.315971972999932 0.213000 2.696000 2.909000
1851.349152264999930 0.143000 5.601000 5.744000
1851.382354239000051 0.236000 3.999000 4.235000
1851.415568343999894 0.218000 7.164000 7.382000
1851.448699394999949 0.306000 4.187000 4.493000
1851.481872394999982 0.274000 6.027000 6.301000
1851.515167343000030 0.250000 5.786000 6.036000
1851.548223394999923 0.169000 7.357000 7.526000
1851.581474394999987 0.230000 6.710000 6.940000
1851.614565446999904 0.163000 5.563000 5.726000
1851.647739291000107 0.148000 6.191000 6.339000
1851.680956291000030 0.138000 2.445000 2.583000
1851.714155446999939 0.129000 3.804000 3.933000
1851.747343343000011 0.123000 5.316000 5.439000
1851.780473291999897 0.137000 2.192000 2.329000
1851.813605290999931 0.128000 4.350000 4.478000
1851.846876239000039 0.151000 2.688000 2.839000
1851.879990395000050 0.125000 2.112000 2.237000
1851.913123290999920 0.125000 4.210000 4.335000
1851.946370551999962 0.122000 2.954000 3.076000
1851.979540842999995 0.131000 2.474000 2.605000
1852.012725394999961 0.150000 2.905000 3.055000
1852.045899395000106 0.157000 2.390000 2.547000
1852.079079343000103 0.192000 4.638000 4.830000
1852.112202759999946 0.151000 2.723000 2.874000
1852.145382447999964 0.127000 5.015000 5.142000
1852.178506396000103 0.129000 2.643000 2.772000
1852.211776603000089 0.119000 3.103000 3.222000
1852.244853707999937 0.132000 2.761000 2.893000
1852.278064499000038 0.119000 2.969000 3.088000
1852.311251500000026 0.177000 2.454000 2.631000
1852.344371292000005 0.139000 2.407000 2.546000
1852.377615811999931 0.136000 2.207000 2.343000
1852.410717394999892 0.122000 2.271000 2.393000
1852.443978238999989 0.124000 2.273000 2.397000
1852.477064292000023 0.125000 2.233000 2.358000
1852.510238968000067 0.124000 2.144000 2.268000
1852.543410603999973 0.120000 2.332000 2.452000
1852.576581290999911 0.236000 5.192000 5.428000
1852.609796238999934 0.166000 2.825000 2.991000
1852.642929291999963 0.142000 2.828000 2.970000
1852.676101187000086 0.132000 2.582000 2.714000
1852.709274239000024 0.140000 2.800000 2.940000
1852.742447290999962 0.135000 2.604000 2.739000
1852.775700342999926 0.124000 2.374000 2.498000
1852.808794290999913 0.124000 3.051000 3.175000
1852.842009291000068 0.136000 3.226000 3.362000
1852.875139238999964 0.137000 2.160000 2.297000
1852.908311186999981 0.129000 2.306000 2.435000
1852.941555550999965 0.119000 5.295000 5.414000
1852.974658239000064 0.128000 3.058000 3.186000
1853.007872186999975 0.123000 3.036000 3.159000
1853.041005239000015 0.120000 2.617000 2.737000
1853.074217239000063 0.118000 2.636000 2.754000
1853.107391238999980 0.166000 6.291000 6.457000
1853.140522186999988 0.160000 8.021000 8.181000
1853.173783187000026 0.233000 10.791000 11.024000
1853.206914239000071 0.185000 10.811000 10.996000
1853.240090447000057 0.286000 7.534000 7.820000
1853.273215342999947 0.306000 11.260000 11.566000
1853.306390395000108 0.200000 19.074000 19.274000
1853.339637290999917 0.229000 28.209000 28.438000
1853.372821140000042 0.228000 25.715000 25.943000
1853.406033243999900 0.215000 27.647000 27.862000
1853.439168713000072 0.272000 27.283000 27.555000
1853.472472609000079 0.000000 22.561000 22.561000
1853.505604712999911 0.176000 20.549000 20.725000
1853.538688817000093 0.152000 15.499000 15.651000
1853.605035025000006 0.261000 13.104000 13.365000
1853.638215244000094 0.000000 15.505000 15.505000
1853.671431036000058 0.175000 22.317000 22.492000
1853.704593244000080 0.162000 14.806000 14.968000
1853.770897035999951 0.361000 18.228000 18.589000
1853.804074442000001 0.190000 15.335000 15.525000
1853.837244442999918 0.271000 18.978000 19.249000
1853.870416087999956 0.000000 11.527000 11.527000
1853.903630088000000 0.213000 27.552000 27.765000
1853.936763087999907 0.266000 28.009000 28.275000
1854.003151295999942 0.436000 25.754000 26.190000
1854.036321088000022 0.290000 26.580000 26.870000
1854.069495140000072 0.000000 34.047000 34.047000
1854.102628088000074 0.246000 30.497000 30.743000
1854.135897624000108 0.177000 25.605000 25.782000
1854.202202259999922 0.373000 24.798000 25.171000
1854.235417364000114 0.000000 26.036000 26.036000
1854.268548259999989 0.210000 6.118000 6.328000
1854.301813260000017 0.154000 13.949000 14.103000
1854.368172363999975 0.179000 5.930000 6.109000
1854.401249780999933 0.131000 12.239000 12.370000
1854.467714677000004 0.273000 4.759000 5.032000
1854.500765415999922 0.000000 16.339000 16.339000
1854.533933259999912 0.208000 4.430000 4.638000
1854.567216416000065 0.173000 17.412000 17.585000
1854.633455259999891 0.199000 15.661000 15.860000
1854.666628259999925 0.208000 4.093000 4.301000
1854.699840312000106 0.350000 5.180000 5.530000
1854.766147812000099 0.201000 11.055000 11.256000
1854.799393708000025 0.223000 6.611000 6.834000
1854.865748603999918 0.606000 18.187000 18.793000
1854.898837552000032 0.250000 4.098000 4.348000
1854.932091760000048 0.265000 18.071000 18.336000
1854.965185448000057 0.158000 4.390000 4.548000
1854.998355468000000 0.142000 12.850000 12.992000
1855.031530623999970 0.194000 16.882000 17.076000
1855.064705197999956 0.162000 4.272000 4.434000
1855.097948207999934 0.139000 5.433000 5.572000
1855.131047311999964 0.136000 16.744000 16.880000
1855.164220207999961 0.190000 7.873000 8.063000
1855.197393207999994 0.166000 10.557000 10.723000
1855.230566937000049 0.188000 7.635000 7.823000
1855.263814937000006 0.184000 11.207000 11.391000
1855.296914666000021 0.000000 3.289000 3.289000
1855.330162780999899 0.180000 6.451000 6.631000
1855.363333676999900 0.148000 12.520000 12.668000
1855.429611415999943 0.301000 4.071000 4.372000
1855.462780415999987 0.129000 16.600000 16.729000
1855.495953363999888 0.205000 5.735000 5.940000
1855.529215415999943 0.157000 10.373000 10.530000
1855.562395416000072 0.150000 5.086000 5.236000
1855.595472623999967 0.131000 3.997000 4.128000
1855.628760093999972 0.127000 3.052000 3.179000
1855.661934572000064 0.118000 8.640000 8.758000
1855.695100572999991 0.139000 3.606000 3.745000
1855.728167145000043 0.158000 5.535000 5.693000
1855.761441927000078 0.139000 11.351000 11.490000
1855.794510364999951 0.143000 2.972000 3.115000
1855.827680260000079 0.123000 5.103000 5.226000
1855.860854364000033 0.154000 12.864000 13.018000
1855.894070885000019 0.190000 3.116000 3.306000
1855.927245416999995 0.170000 3.927000 4.097000
1855.960413416999927 0.137000 6.569000 6.706000
1855.993643519999978 0.133000 2.439000 2.572000
1856.026719364999963 0.129000 2.332000 2.461000
1856.059892208000065 0.131000 4.524000 4.655000
1856.093063260000008 0.125000 2.193000 2.318000
1856.126276259999941 0.133000 2.283000 2.416000
1856.159515978999934 0.130000 10.644000 10.774000
1856.192690708000100 0.160000 2.956000 3.116000
1856.225860020000027 0.136000 4.555000 4.691000
1856.258969415999900 0.120000 12.232000 12.352000
