1403638523.027829 0.033087 0.072330 0.347245 -0.566560 0.375343 -0.450441 0.578991
1403638524.277829 -0.014476 0.009221 0.117628 -0.562342 0.379683 -0.386237 0.624846
1403638524.927830 0.032173 0.021984 0.422244 -0.554410 0.411780 -0.418472 0.589871
1403638526.177830 0.008638 -0.036421 0.081958 -0.578308 0.387594 -0.383451 0.606874
1403638527.177830 -0.101511 -0.566995 0.164637 0.631510 -0.433889 0.360750 -0.531785
1403638527.777829 -0.059543 -0.530406 0.177671 0.637148 -0.463502 0.343447 -0.511129
1403638530.027829 0.028419 -0.016457 0.049046 0.630602 -0.422687 0.342999 -0.553199
1403638530.277829 0.063994 -0.020073 0.025083 0.639686 -0.421928 0.337190 -0.546884
1403638540.827830 0.519910 -0.028767 0.221125 -0.579152 0.422857 -0.377428 0.585938
1403638541.277829 0.761196 0.014471 0.227080 -0.517605 0.387690 -0.413449 0.640969
1403638541.777829 1.004136 0.221176 0.296874 -0.505707 0.378971 -0.428179 0.645991
1403638542.277829 1.243123 0.480425 0.407909 -0.440106 0.323334 -0.464005 0.697468
1403638542.677830 1.426785 0.733377 0.432724 -0.365321 0.325434 -0.489149 0.722057
1403638543.177830 1.520489 1.112071 0.573953 -0.384985 0.285770 -0.492228 0.726522
1403638543.827830 1.647122 1.653184 0.608799 -0.327048 0.259830 -0.501170 0.757863
1403638544.427830 1.712960 2.223089 0.763523 -0.271705 0.199124 -0.528520 0.779226
1403638545.177830 1.898231 2.918291 0.796167 -0.266797 0.200876 -0.532141 0.778006
1403638546.027829 2.034874 3.665074 0.807677 -0.169000 0.138484 -0.549216 0.806612
1403638546.527829 2.127922 4.141547 0.832988 -0.130437 0.105779 -0.553999 0.815403
1403638547.077830 2.269385 4.729226 0.840304 -0.101526 0.103663 -0.551413 0.821517
1403638547.427830 2.236720 5.119900 0.895075 -0.097877 0.100274 -0.554912 0.820023
1403638548.027829 2.243345 5.803486 0.720380 -0.106027 0.101131 -0.551310 0.821333
1403638548.577830 2.077033 6.455990 0.813609 -0.043707 0.050690 -0.559017 0.826450
1403638549.077830 1.966707 7.101857 0.893431 -0.024926 0.035855 -0.559724 0.827527
1403638549.777829 1.807954 8.068915 1.151074 -0.033391 0.031730 -0.564602 0.824077
1403638550.427830 1.725683 9.075258 1.520508 -0.034339 0.027606 -0.562735 0.825462
1403638551.027829 1.719584 9.902145 1.775591 -0.039538 0.020288 -0.591886 0.804795
1403638551.427830 1.784004 10.355379 1.923894 -0.057757 0.018666 -0.588293 0.806366
1403638552.927830 2.883514 11.293589 2.347172 -0.169279 0.100655 -0.586126 0.785920
1403638554.027829 3.918569 10.900891 2.527646 -0.142033 0.116739 -0.594322 0.782930
1403638556.177830 5.354213 9.128065 2.823408 -0.189680 0.135618 -0.550930 0.801315
1403638557.777829 6.850706 8.185104 3.090584 -0.187160 0.140542 -0.554671 0.798473
1403638558.327830 7.452084 7.942122 3.134601 -0.192716 0.135942 -0.529190 0.815069
1403638558.927830 8.158961 7.913832 3.324609 -0.204030 0.126302 -0.535877 0.809479
1403638559.277829 8.620519 7.967994 3.367733 -0.193149 0.139803 -0.548441 0.801474
1403638559.777829 9.234038 8.063841 3.323977 -0.181457 0.150569 -0.550588 0.800784
1403638560.427830 9.967214 8.248935 3.219850 -0.280173 0.210135 -0.543847 0.762612
1403638560.827830 10.367471 8.323376 3.080026 -0.378315 0.257682 -0.532023 0.712340
1403638561.327830 10.801606 8.240123 3.034987 -0.448771 0.315312 -0.516863 0.657294
1403638561.827830 11.092114 8.001281 2.991610 -0.449013 0.329219 -0.482571 0.676112
1403638562.677830 11.493632 7.483571 2.840462 -0.530439 0.385775 -0.444084 0.610411
1403638563.177830 11.519805 7.233936 2.931277 0.611370 -0.422817 0.408699 -0.529544
1403638564.077830 11.286747 6.378727 2.829765 0.620749 -0.438743 0.410370 -0.503757
1403638565.177830 10.270771 4.837449 2.754518 0.616202 -0.426592 0.422638 -0.509599
1403638565.777829 9.496173 3.794592 2.416407 0.606793 -0.450451 0.396333 -0.521361
1403638566.527829 8.349085 2.504101 2.054882 0.608747 -0.450052 0.385750 -0.527330
1403638567.027829 7.649150 1.819062 1.624298 0.626835 -0.410920 0.354766 -0.558895
1403638567.527829 7.116896 1.163762 1.140133 0.605231 -0.451615 0.370017 -0.541135
1403638568.427830 6.302402 0.346373 0.705916 0.616519 -0.445040 0.348143 -0.548306
1403638571.077830 5.706523 -0.344182 0.168140 0.704744 -0.483397 0.344320 -0.388725
1403638571.527829 5.528139 -0.556244 0.065810 0.724208 -0.507525 0.288109 -0.367334
1403638572.027829 5.231807 -0.930712 -0.022170 0.763618 -0.514510 0.243252 -0.304952
1403638572.277829 5.045784 -1.194799 -0.033757 0.780023 -0.530332 0.204319 -0.261851
1403638572.577830 4.808390 -1.455155 -0.041741 0.798801 -0.533208 0.162127 -0.226539
1403638573.277829 4.292012 -2.303756 0.028879 0.803048 -0.532820 0.134984 -0.230210
1403638573.777829 4.104594 -2.936697 0.128586 0.804702 -0.533716 0.123208 -0.228958
1403638574.077830 4.078737 -3.354280 0.207578 0.799514 -0.565797 0.111790 -0.167790
1403638574.427830 4.036277 -3.824155 0.231166 0.807941 -0.579536 0.078159 -0.072526
1403638574.677830 3.964979 -4.129638 0.237175 0.812409 -0.580606 0.040918 -0.034837
1403638575.427830 3.652152 -4.970719 0.288842 0.829157 -0.557410 0.034385 -0.024690
1403638576.027829 3.355868 -5.732493 0.312460 0.836455 -0.544996 0.018501 -0.054596
1403638576.427830 3.209638 -6.330094 0.436115 0.832403 -0.550662 0.008328 -0.061706
1403638577.027829 3.180628 -7.286682 0.493752 0.820030 -0.568871 0.007020 -0.062356
1403638577.577830 3.295793 -8.159601 0.589447 0.819809 -0.568851 0.001359 -0.065728
1403638578.027829 3.498750 -8.757836 0.617215 0.820432 -0.568196 0.007523 -0.063149
1403638578.927830 3.937084 -9.896570 0.685808 0.817732 -0.572745 0.013032 -0.055757
1403638579.527829 4.253194 -10.585095 0.758886 0.816206 -0.575000 0.033459 -0.045429
1403638580.927830 4.861301 -11.627942 0.572623 0.736343 -0.517329 0.243323 -0.361889
1403638581.327830 4.969523 -11.794401 0.641931 0.734299 -0.518861 0.239149 -0.366601
1403638583.177830 5.420591 -12.106232 1.268350 0.737773 -0.528296 0.222208 -0.356677
1403638584.927830 5.835709 -11.332936 1.572258 0.732443 -0.535589 0.228237 -0.352958
1403638585.277829 5.856584 -11.048409 1.580223 0.734371 -0.533382 0.229257 -0.351631
1403638586.777829 6.028539 -9.851298 1.731381 0.731068 -0.540379 0.225951 -0.349965
1403638588.827830 6.271804 -7.930259 1.496062 0.733765 -0.535673 0.231600 -0.347857
1403638590.527829 6.277885 -6.176711 1.391703 0.739357 -0.531078 0.229920 -0.344157
1403638592.327830 6.556218 -5.037343 1.408194 0.745186 -0.511171 0.247963 -0.349164
1403638593.427830 7.054021 -5.177851 1.883790 0.708934 -0.500947 0.268039 -0.417875
1403638594.777829 7.597972 -5.261936 2.342893 0.686542 -0.507743 0.297456 -0.427057
1403638596.927830 7.727750 -4.337220 2.518438 0.653515 -0.544564 0.227141 -0.474104
1403638597.427830 7.957598 -3.446593 2.629476 0.653534 -0.550296 0.239624 -0.461138
1403638597.827830 8.140042 -2.547871 2.629959 0.654186 -0.551474 0.255757 -0.450006
1403638598.427830 8.429053 -0.805260 2.593806 0.666744 -0.508385 0.300552 -0.454605
1403638599.027829 8.611457 0.906515 2.501394 0.635130 -0.477911 0.334399 -0.506348
1403638599.427830 8.690065 2.022064 2.534838 0.592133 -0.445654 0.365332 -0.563296
1403638599.777829 8.778335 2.919423 2.529260 0.582936 -0.434357 0.367461 -0.580079
1403638600.327830 8.900216 4.390836 2.497452 0.617732 -0.394686 0.390736 -0.556736
1403638601.027829 9.285010 5.629987 2.451947 0.618885 -0.399926 0.356481 -0.574423
1403638601.427830 9.546209 6.190745 2.518150 0.591120 -0.420509 0.369422 -0.580756
1403638601.777829 9.864268 6.683116 2.564069 -0.539147 0.400992 -0.407968 0.618133
1403638602.177830 10.190051 7.260517 2.660840 -0.469723 0.369066 -0.441768 0.669322
1403638602.677830 10.415167 7.489141 2.655207 -0.387413 0.332599 -0.558095 0.654078
1403638602.927830 10.418919 7.749739 2.763174 -0.349109 0.298062 -0.566788 0.684130
1403638603.677830 10.061102 8.451445 3.085934 -0.288666 0.213508 -0.553908 0.751181
1403638606.177830 7.558605 8.455550 3.214466 -0.254129 0.260536 -0.516999 0.774759
1403638606.927830 6.469732 8.890639 3.110987 -0.260467 0.184227 -0.501315 0.804301
1403638607.277829 6.106799 8.902326 2.900300 -0.222256 0.158604 -0.531274 0.801995
1403638607.527829 5.839160 9.477217 3.032143 -0.203076 0.134673 -0.553583 0.796347
1403638608.077830 5.415430 9.987181 2.825215 -0.208309 0.132105 -0.556733 0.793224
1403638608.327830 5.341059 9.898445 2.492133 -0.211329 0.161543 -0.561587 0.783494
1403638608.777829 5.026035 10.489195 2.372556 -0.201820 0.150685 -0.574073 0.779104
1403638609.677830 4.598969 10.765869 1.908183 -0.207113 0.142571 -0.562851 0.787386
1403638611.027829 4.275421 10.562039 1.209794 -0.204835 0.139456 -0.578674 0.777001
1403638613.527829 3.553753 8.570067 0.548263 -0.211429 0.162626 -0.563886 0.781590
1403638615.177830 2.908626 6.550242 0.226735 -0.433392 0.287271 -0.494568 0.696455
1403638615.527829 2.670264 6.160543 0.312321 -0.504348 0.363132 -0.454888 0.637844
1403638615.777829 2.883850 6.034653 0.589535 -0.524621 0.371576 -0.446878 0.622097
1403638616.177830 2.809101 5.542148 0.679762 -0.562610 0.394293 -0.425016 0.589376
1403638616.527829 2.440272 4.943176 0.392597 0.617084 -0.433508 0.384198 -0.532607
1403638616.927830 2.660400 4.650497 0.465328 0.644826 -0.399238 0.368617 -0.537523
1403638617.277829 2.319876 4.010813 0.178042 0.636614 -0.431795 0.353488 -0.532281
1403638618.677830 2.890781 2.390177 0.488401 0.622027 -0.431287 0.352167 -0.550502
1403638619.427830 3.951292 1.949513 0.777215 0.669249 -0.478404 0.318671 -0.470834
1403638620.577830 4.689696 1.157693 0.636086 0.697178 -0.493055 0.308096 -0.419423
1403638622.677830 4.912163 -0.163940 0.383536 0.669420 -0.514805 0.312222 -0.435167
1403638628.027829 0.157067 -0.160930 0.180516 0.690301 -0.495095 0.282235 -0.445768
1403638629.677830 0.567319 0.203687 0.247358 0.694516 -0.467513 0.304400 -0.454335
